      1    0.0
      2    0.0
      3    0.0
      4    0.0
      5    0.0
      6    0.0
      7    0.0
      8    0.0
      9    0.0
     10    0.0
     11    0.0
     12    0.0
     13    0.0
     14    0.0
     15    0.0
     16    0.0
     17    0.0
     18    0.0
     19    0.3
     20    0.0
     21    0.0
     22    6.0
     23    0.2
     24   20.2
     25   27.4
     26    0.0
     27    0.0
     28    0.0
     29    0.0
     30    0.0
     31    0.0
     32    0.0
     33    0.0
     34    0.0
     35    0.0
     36    0.0
     37    0.0
     38    0.0
     39    0.0
     40    0.0
     41    0.0
     42    0.0
     43    0.0
     44    0.0
     45    0.0
     46    0.0
     47    0.0
     48    0.0
     49    0.0
     50    0.0
     51    1.8
     52    0.0
     53    0.0
     54    0.0
     55    0.0
     56    0.0
     57    0.0
     58    0.0
     59    0.0
     60    0.0
     61    0.0
     62    0.0
     63    0.0
     64    0.0
     65    0.0
     66    0.0
     67    0.0
     68    0.0
     69    0.0
     70    0.0
     71    0.0
     72    0.0
     73    0.0
     74    0.0
     75    0.0
     76    0.0
     77    0.0
     78    0.0
     79    0.0
     80    0.0
     81    0.0
     82    0.0
     83    0.0
     84    0.0
     85    0.0
     86    0.0
     87    0.0
     88    0.0
     89    0.0
     90    0.0
     91    0.0
     92    0.0
     93    0.0
     94   14.4
     95    2.0
     96    0.0
     97    0.0
     98    0.0
     99    0.0
    100    5.6
    101    0.0
    102    1.0
    103    0.0
    104    9.4
    105    9.2
    106   10.0
    107    0.0
    108    0.0
    109    4.4
    110    0.0
    111    0.0
    112    0.0
    113    1.2
    114   40.2
    115    0.0
    116    0.0
    117    0.0
    118    0.0
    119   27.6
    120   18.8
    121   10.0
    122   26.2
    123    3.0
    124    0.0
    125    0.0
    126    3.4
    127    0.0
    128    0.0
    129    0.0
    130    0.0
    131    0.0
    132   15.0
    133    0.0
    134    0.0
    135    0.0
    136    0.0
    137    0.0
    138    0.0
    139    4.0
    140    5.4
    141   25.2
    142   26.2
    143    2.8
    144   13.8
    145   28.2
    146    0.0
    147    1.8
    148    0.0
    149    0.0
    150    0.0
    151    0.0
    152    4.8
    153   12.2
    154    2.4
    155    3.6
    156    0.0
    157    9.2
    158    7.8
    159    5.2
    160    2.6
    161    3.2
    162    0.0
    163    5.2
    164    0.0
    165    0.0
    166   19.0
    167   51.4
    168   24.4
    169   35.0
    170   19.6
    171   39.2
    172   15.4
    173   11.6
    174   44.6
    175   22.4
    176    6.2
    177    0.0
    178    0.0
    179    0.0
    180    0.0
    181   11.2
    182    7.8
    183    4.8
    184    0.0
    185    0.0
    186   82.6
    187    9.8
    188   14.0
    189   11.0
    190   18.6
    191   34.0
    192    3.2
    193   20.0
    194   22.2
    195   15.8
    196   15.6
    197   10.0
    198    3.6
    199   31.2
    200    6.2
    201    6.4
    202   39.6
    203   36.4
    204    2.4
    205   27.0
    206   39.8
    207    0.0
    208   35.2
    209   38.8
    210   12.8
    211   19.4
    212    8.0
    213    6.6
    214   82.0
    215   48.2
    216    1.8
    217   21.2
    218    4.6
    219    3.4
    220    1.6
    221   10.0
    222   13.4
    223   17.6
    224    3.4
    225    6.2
    226    3.0
    227    5.6
    228   13.6
    229   31.4
    230   24.2
    231    9.0
    232   25.0
    233   44.4
    234   22.6
    235    9.8
    236    7.4
    237    2.2
    238    9.4
    239    0.0
    240    0.0
    241    0.0
    242    9.0
    243   75.4
    244    6.4
    245   21.0
    246    1.4
    247    9.8
    248    1.4
    249    1.0
    250    0.0
    251    5.2
    252    0.0
    253    1.0
    254    8.8
    255   13.6
    256   21.6
    257    0.8
    258    0.0
    259   15.0
    260    0.8
    261    0.0
    262    0.0
    263   19.2
    264    5.6
    265   19.6
    266   15.4
    267    0.0
    268    0.0
    269    0.0
    270    7.4
    271    0.0
    272    0.0
    273   13.4
    274    7.8
    275   19.4
    276   12.6
    277    4.0
    278    5.2
    279    4.0
    280    0.0
    281   18.6
    282    1.4
    283    1.2
    284    0.0
    285    0.0
    286    0.0
    287   35.2
    288    2.8
    289    0.0
    290    0.0
    291    0.0
    292    0.0
    293    0.0
    294    0.0
    295    0.0
    296    0.0
    297    0.0
    298    0.0
    299    0.0
    300    0.0
    301    0.0
    302    0.0
    303    0.0
    304    0.0
    305    0.0
    306    0.0
    307    0.0
    308    0.0
    309    0.0
    310    0.0
    311    0.0
    312    0.0
    313    0.0
    314    0.0
    315    0.0
    316    0.0
    317    0.0
    318    0.0
    319    0.0
    320    0.0
    321    0.0
    322    0.0
    323    0.0
    324    0.0
    325    0.0
    326    0.0
    327    0.0
    328    0.0
    329    0.0
    330    0.0
    331    0.0
    332    0.0
    333    0.0
    334    0.0
    335    0.0
    336    0.0
    337    0.0
    338    0.0
    339    0.0
    340    0.0
    341    0.0
    342    0.0
    343    0.0
    344    0.0
    345    0.0
    346    0.0
    347    0.0
    348    0.0
    349    0.0
    350    0.0
    351    0.0
    352    0.0
    353    0.0
    354    0.0
    355    0.0
    356    0.0
    357    0.0
    358    0.0
    359    0.0
    360    0.0
    361    0.0
    362    0.0
    363    0.0
    364    0.0
    365    0.0
    366    0.0
