      1    0.0
      2    0.0
      3    0.0
      4    0.0
      5    0.0
      6    0.0
      7    0.0
      8    0.0
      9   16.2
     10    0.0
     11    0.0
     12    8.8
     13    4.3
     14    0.0
     15    0.0
     16    1.0
     17    4.5
     18    4.0
     19    0.0
     20    0.0
     21    0.0
     22    0.0
     23    0.0
     24    0.0
     25    0.0
     26    0.0
     27    0.0
     28    0.0
     29    0.0
     30    0.0
     31    0.0
     32    0.0
     33    0.0
     34    0.0
     35    0.0
     36    0.0
     37    1.0
     38    0.0
     39    0.0
     40    2.2
     41    0.5
     42    0.0
     43    0.0
     44    0.0
     45    0.0
     46    9.0
     47    4.0
     48    0.0
     49    6.0
     50    0.0
     51    0.0
     52    0.0
     53    0.0
     54   32.3
     55   18.2
     56    0.0
     57    0.0
     58    0.0
     59    0.0
     60    0.0
     61    0.0
     62    0.0
     63    0.0
     64    0.0
     65    0.0
     66    0.0
     67    0.0
     68    0.0
     69    0.0
     70    0.0
     71    0.0
     72    0.0
     73    0.0
     74    0.0
     75    0.0
     76    0.0
     77    0.0
     78    0.0
     79    0.0
     80    0.0
     81    0.0
     82    0.0
     83    0.0
     84    0.0
     85   12.0
     86   38.5
     87    8.0
     88    0.0
     89    4.0
     90    0.0
     91    0.0
     92    0.0
     93    0.0
     94    0.0
     95    0.0
     96    0.0
     97    0.0
     98    0.0
     99    0.0
    100    0.0
    101   19.2
    102    0.0
    103    0.0
    104    0.0
    105    0.0
    106    0.0
    107    0.0
    108    6.0
    109    5.2
    110    0.0
    111    0.0
    112    0.0
    113    0.0
    114    4.0
    115    0.0
    116    4.0
    117    0.0
    118   10.0
    119    0.0
    120    0.2
    121   10.2
    122    0.0
    123    0.0
    124    0.0
    125    0.0
    126    0.0
    127    0.0
    128    0.0
    129    0.0
    130   14.0
    131    0.0
    132    0.0
    133    0.0
    134    4.0
    135    0.0
    136   15.2
    137    6.0
    138   44.2
    139    2.6
    140    0.0
    141    0.0
    142    0.0
    143    0.0
    144    0.0
    145    0.0
    146    0.0
    147    0.0
    148    0.0
    149    0.0
    150    0.0
    151    0.0
    152    0.0
    153    4.4
    154    0.0
    155    0.0
    156    T  
    157   32.2
    158   20.5
    159    3.2
    160    6.0
    161    0.0
    162    6.2
    163   10.4
    164   22.5
    165   14.4
    166    0.0
    167    0.0
    168   18.1
    169   29.0
    170   39.0
    171   39.8
    172    9.2
    173   17.1
    174    8.4
    175   31.1
    176   40.0
    177    0.3
    178   17.4
    179    8.2
    180    8.1
    181    2.0
    182   34.3
    183    0.0
    184   16.1
    185    4.3
    186    0.0
    187    6.5
    188    6.0
    189    2.0
    190    2.5
    191   21.8
    192   36.2
    193   17.8
    194   22.0
    195   40.2
    196   34.7
    197    2.5
    198   20.9
    199   18.6
    200    4.8
    201   13.4
    202    T  
    203    6.5
    204    T  
    205    0.5
    206    0.0
    207    0.3
    208  106.8
    209    1.4
    210    2.8
    211   35.1
    212   21.6
    213    8.3
    214   18.6
    215   37.2
    216   50.6
    217   13.8
    218   28.2
    219   19.9
    220   19.3
    221   46.9
    222   17.8
    223   38.3
    224    0.3
    225   40.2
    226    0.5
    227    2.3
    228   11.0
    229    0.0
    230    6.2
    231   36.8
    232   25.6
    233   28.8
    234    4.0
    235    4.3
    236   13.8
    237   63.4
    238   28.0
    239    6.8
    240   28.7
    241    6.0
    242   15.2
    243   10.6
    244   10.2
    245    1.0
    246    4.7
    247   47.3
    248   69.3
    249   16.0
    250   16.6
    251   32.4
    252    3.2
    253    0.0
    254    0.0
    255    6.3
    256    0.0
    257    3.4
    258    0.1
    259    0.2
    260    6.4
    261   11.0
    262   17.0
    263    2.7
    264    1.0
    265    6.4
    266    0.0
    267   84.0
    268   36.9
    269    0.1
    270    7.5
    271    6.3
    272    0.0
    273    0.0
    274    0.0
    275    0.0
    276    0.0
    277    0.0
    278   18.4
    279    0.0
    280    0.0
    281    0.0
    282    0.0
    283    0.0
    284    0.7
    285    1.0
    286    0.0
    287    0.0
    288    0.0
    289    0.0
    290    0.0
    291    2.0
    292    0.0
    293    0.0
    294    0.0
    295    0.0
    296    0.0
    297    0.0
    298    0.0
    299    0.0
    300    0.0
    301    0.0
    302    0.0
    303    0.0
    304    0.0
    305    0.0
    306    0.0
    307    0.0
    308    0.0
    309    0.0
    310    0.0
    311    0.0
    312    0.0
    313    0.0
    314   38.6
    315   39.2
    316    0.0
    317    0.0
    318    0.0
    319    0.0
    320    0.0
    321    0.0
    322    0.0
    323    0.0
    324    0.0
    325    0.0
    326    0.0
    327    0.0
    328    0.0
    329    0.0
    330    0.0
    331    0.0
    332    0.0
    333    0.0
    334    0.0
    335    0.0
    336    0.0
    337    0.0
    338    0.0
    339    0.0
    340    0.0
    341    0.0
    342    0.0
    343    0.0
    344    0.0
    345    0.0
    346    0.0
    347    0.0
    348    0.0
    349    0.0
    350    0.0
    351    0.0
    352    0.0
    353    0.0
    354    0.0
    355    0.0
    356    0.0
    357    0.0
    358    0.0
    359    0.0
    360    7.3
    361    0.0
    362    0.0
    363    0.0
    364    0.0
    365    0.0
