      1    0.0
      2    0.0
      3    0.0
      4    0.0
      5    0.0
      6    0.0
      7    0.0
      8    0.0
      9    0.0
     10    0.0
     11    0.0
     12    0.0
     13    0.0
     14    0.0
     15    0.0
     16    0.0
     17    0.0
     18    0.0
     19    0.0
     20    0.0
     21    0.0
     22    0.0
     23    7.2
     24    1.0
     25    0.0
     26    0.0
     27    0.0
     28    0.0
     29    0.0
     30    0.0
     31    0.0
     32    0.0
     33    0.0
     34    0.0
     35    0.0
     36    0.0
     37    0.0
     38    0.0
     39    0.0
     40    0.0
     41    0.0
     42    0.0
     43    0.0
     44    0.0
     45    0.0
     46    0.0
     47    0.0
     48    0.0
     49    0.0
     50    0.0
     51    0.0
     52    1.4
     53    0.0
     54    0.0
     55    0.0
     56    0.0
     57    7.3
     58    2.0
     59    2.4
     60    0.0
     61    0.0
     62    0.0
     63    0.0
     64    0.0
     65    0.0
     66    0.0
     67    0.0
     68    0.0
     69    0.0
     70    0.0
     71    0.0
     72    0.0
     73    3.2
     74    2.0
     75    0.0
     76    0.0
     77    0.0
     78    0.0
     79    0.0
     80    0.0
     81    3.0
     82    0.0
     83    0.0
     84    0.0
     85    0.0
     86    0.0
     87    0.0
     88    0.0
     89    0.0
     90    0.0
     91   14.2
     92    0.0
     93    0.0
     94    0.0
     95    0.0
     96    0.0
     97    0.0
     98    0.0
     99    0.0
    100    0.0
    101    0.0
    102    0.0
    103   16.0
    104    3.0
    105    0.0
    106    3.3
    107    6.3
    108    0.0
    109    0.0
    110    2.0
    111    0.0
    112    0.0
    113    3.0
    114   12.0
    115    0.0
    116    3.2
    117    0.0
    118    2.0
    119    0.0
    120    0.0
    121    0.0
    122   13.0
    123    8.2
    124    7.3
    125    0.0
    126   10.0
    127    0.0
    128    0.0
    129   37.6
    130    0.0
    131    0.0
    132    0.0
    133    0.0
    134    0.0
    135    2.0
    136    0.0
    137    0.0
    138    0.0
    139    0.0
    140    0.0
    141    8.0
    142    2.0
    143   14.3
    144    9.0
    145    0.0
    146    4.0
    147    4.0
    148   17.4
    149    7.8
    150    0.0
    151    0.0
    152    0.0
    153    0.0
    154    0.0
    155    0.0
    156    0.0
    157    0.0
    158   21.3
    159   23.0
    160    9.0
    161    1.0
    162    1.0
    163    1.0
    164    2.0
    165   10.3
    166   19.0
    167    4.0
    168   24.0
    169   14.3
    170   10.0
    171   27.0
    172    3.4
    173   10.0
    174    8.0
    175    8.0
    176   30.0
    177    8.0
    178    2.0
    179    3.2
    180    0.0
    181    0.0
    182    3.0
    183    2.0
    184   12.4
    185    0.0
    186    0.0
    187    1.0
    188   26.0
    189    0.0
    190   14.7
    191   22.0
    192   19.3
    193    2.4
    194   26.0
    195   41.4
    196   19.4
    197   23.0
    198    0.0
    199    2.0
    200   21.0
    201    2.0
    202   20.0
    203   10.0
    204   10.7
    205    0.0
    206    0.0
    207    0.0
    208    1.4
    209   11.0
    210   21.0
    211    2.3
    212    6.0
    213   10.2
    214   20.0
    215   18.0
    216    2.0
    217   20.0
    218    3.4
    219    0.0
    220    4.0
    221   16.4
    222    1.0
    223    8.0
    224   16.4
    225    3.2
    226   18.4
    227   10.2
    228   15.0
    229    7.0
    230   10.0
    231    9.8
    232    7.4
    233   20.0
    234    4.2
    235    1.8
    236    2.2
    237    6.4
    238   10.2
    239    8.2
    240   11.2
    241    6.8
    242    5.4
    243   20.0
    244   10.0
    245   16.0
    246    9.4
    247    5.6
    248   16.3
    249   10.0
    250    0.0
    251    8.3
    252    6.0
    253   20.0
    254   12.0
    255    2.0
    256   20.0
    257    0.0
    258   32.4
    259    0.0
    260    4.3
    261    2.0
    262    3.0
    263    8.0
    264    5.4
    265    0.0
    266    0.0
    267    0.0
    268    5.0
    269    0.0
    270    0.0
    271    0.0
    272    0.0
    273    8.0
    274   20.0
    275   14.2
    276    3.0
    277    0.0
    278    0.0
    279    6.8
    280    0.0
    281    0.0
    282    3.0
    283    0.0
    284    0.0
    285    0.0
    286    0.0
    287    0.0
    288    0.0
    289    0.0
    290    0.0
    291    0.0
    292    0.0
    293    0.0
    294    0.0
    295    0.0
    296    0.0
    297    0.0
    298    0.0
    299    0.0
    300    0.0
    301    0.0
    302    0.0
    303    0.0
    304    0.0
    305    0.0
    306    0.0
    307    0.0
    308    0.0
    309    0.0
    310    0.0
    311    0.0
    312    0.0
    313    6.0
    314    0.0
    315    0.0
    316    0.0
    317    0.0
    318    0.0
    319    0.0
    320    0.0
    321    0.0
    322    0.0
    323    0.0
    324    0.0
    325    0.0
    326    3.0
    327    0.0
    328    0.0
    329    0.0
    330   10.0
    331    0.0
    332    0.0
    333    0.0
    334    0.0
    335    0.0
    336    0.0
    337    0.0
    338    0.0
    339    0.0
    340    0.0
    341    0.0
    342   26.0
    343    1.0
    344    0.0
    345    0.0
    346    0.0
    347    0.0
    348    0.0
    349    0.0
    350    0.0
    351    0.0
    352    0.0
    353    0.0
    354    0.0
    355    0.0
    356    0.0
    357    0.0
    358    0.0
    359    0.0
    360    0.0
    361    0.0
    362    0.0
    363    0.0
    364    0.0
    365    0.0
