      1    0.0
      2    0.0
      3    0.0
      4    0.0
      5    0.0
      6    0.0
      7    0.0
      8    0.0
      9    0.0
     10    4.0
     11   33.5
     12    0.0
     13    0.0
     14    0.0
     15    0.0
     16    0.0
     17    0.0
     18    0.0
     19    0.0
     20    0.0
     21    0.0
     22    0.0
     23    0.0
     24    0.0
     25    0.0
     26    0.0
     27    0.0
     28    0.0
     29    0.0
     30   20.0
     31    0.0
     32    0.0
     33    0.0
     34    0.0
     35    0.0
     36    0.0
     37    0.0
     38    0.0
     39    0.0
     40    0.0
     41    0.0
     42    0.0
     43    0.0
     44    0.0
     45    0.0
     46    0.0
     47    0.0
     48    0.0
     49    0.0
     50    0.0
     51    0.0
     52    0.0
     53    0.0
     54    0.0
     55    0.0
     56    0.0
     57    0.0
     58    0.0
     59    0.0
     60    0.0
     61    0.0
     62    0.0
     63    0.0
     64    0.0
     65    0.0
     66    0.0
     67    0.0
     68    0.0
     69    0.0
     70    0.0
     71    0.0
     72    0.0
     73    0.0
     74    0.0
     75    0.0
     76    0.0
     77    0.0
     78    0.0
     79    0.0
     80    0.0
     81    0.0
     82    0.0
     83    0.0
     84    0.0
     85    2.4
     86    0.0
     87    2.6
     88    0.0
     89    0.0
     90    0.0
     91    0.0
     92    0.0
     93    4.2
     94    0.0
     95    0.0
     96    0.0
     97   12.0
     98    0.0
     99    0.0
    100    0.0
    101    0.0
    102    0.0
    103    0.0
    104    0.0
    105    7.1
    106    0.0
    107    0.0
    108    0.0
    109    0.0
    110    0.0
    111    0.0
    112    0.0
    113    0.0
    114    0.0
    115    0.0
    116    0.0
    117    0.0
    118    0.0
    119    0.0
    120    0.0
    121    0.0
    122    0.0
    123    0.0
    124    0.0
    125    2.0
    126   11.2
    127    0.0
    128    0.0
    129   11.2
    130    1.4
    131    0.0
    132   20.4
    133   10.0
    134   11.6
    135    0.0
    136    2.2
    137    0.0
    138    4.2
    139    4.4
    140    1.0
    141    0.0
    142    0.0
    143   10.5
    144    5.4
    145   18.4
    146    0.0
    147   15.0
    148    3.2
    149   12.0
    150    0.2
    151    0.0
    152    4.0
    153    0.0
    154    1.6
    155    0.0
    156    0.0
    157    0.0
    158    0.0
    159    0.0
    160   10.2
    161   15.0
    162    8.8
    163   59.8
    164   15.0
    165    0.0
    166    0.0
    167    1.4
    168   57.0
    169   21.2
    170    4.6
    171   44.8
    172    0.0
    173    3.0
    174    5.0
    175   18.6
    176   15.4
    177    3.4
    178    0.0
    179    0.0
    180    0.0
    181    0.0
    182   12.2
    183   14.6
    184   85.0
    185   35.0
    186    6.2
    187    0.0
    188   12.0
    189   58.0
    190   27.0
    191    9.6
    192   53.0
    193   11.0
    194   19.2
    195   15.0
    196    4.0
    197   19.6
    198   92.0
    199    3.2
    200   23.8
    201   13.4
    202   38.0
    203   41.8
    204   10.0
    205   40.0
    206   40.8
    207   40.8
    208   71.0
    209   20.6
    210    8.6
    211   29.6
    212    9.4
    213    9.4
    214   17.0
    215    2.6
    216   18.0
    217   11.4
    218   20.0
    219   18.0
    220    8.0
    221    0.0
    222   10.6
    223   32.6
    224   13.0
    225   36.0
    226    6.0
    227   46.4
    228   35.6
    229   28.0
    230   22.4
    231   24.0
    232   24.0
    233    2.2
    234   10.4
    235   17.0
    236    7.8
    237    0.0
    238   16.2
    239   10.0
    240   20.0
    241    8.4
    242    9.0
    243   28.4
    244   23.0
    245   47.3
    246   26.4
    247    0.0
    248    0.2
    249    3.3
    250    6.2
    251    0.0
    252   21.4
    253   20.3
    254   36.4
    255   16.3
    256   38.4
    257   18.3
    258   11.3
    259    5.8
    260   44.0
    261    0.0
    262    0.0
    263    0.0
    264   27.2
    265    6.0
    266    0.0
    267   24.0
    268   11.2
    269    7.4
    270    8.0
    271    8.0
    272    8.0
    273    2.0
    274    9.0
    275    6.0
    276   14.0
    277    4.2
    278   38.0
    279    4.0
    280   35.5
    281    0.0
    282    0.0
    283    0.0
    284    0.0
    285    2.4
    286    0.0
    287    2.0
    288    0.0
    289    0.0
    290    0.0
    291    0.0
    292    3.4
    293   38.0
    294   16.1
    295    0.0
    296    0.0
    297    0.0
    298    0.0
    299    0.0
    300    0.0
    301    0.0
    302    0.0
    303    0.0
    304    0.0
    305    0.0
    306    0.0
    307    0.0
    308    0.0
    309    0.0
    310    0.0
    311    0.0
    312    0.0
    313    0.0
    314    0.0
    315    0.0
    316    0.0
    317    0.0
    318    0.0
    319    0.0
    320    0.0
    321    0.0
    322    0.0
    323    0.0
    324    0.0
    325    0.0
    326    0.0
    327    0.0
    328    0.0
    329    0.0
    330    0.0
    331    0.0
    332    0.0
    333    0.0
    334    0.0
    335    0.0
    336    0.0
    337    0.0
    338    0.0
    339    0.0
    340    0.0
    341    0.0
    342    0.0
    343    0.0
    344    0.0
    345    0.0
    346    0.0
    347    0.0
    348    0.0
    349    0.0
    350    0.0
    351    0.0
    352    0.0
    353    0.0
    354    0.0
    355    0.0
    356    0.0
    357    0.0
    358    0.0
    359    0.0
    360    0.0
    361    0.0
    362    0.0
    363    0.0
    364    0.0
    365    0.0
