      1    0.0
      2    0.0
      3    0.0
      4    0.0
      5    0.0
      6    0.0
      7    0.0
      8    0.0
      9    0.0
     10    0.0
     11    0.0
     12    0.0
     13    0.0
     14    0.0
     15    0.0
     16    0.0
     17    0.0
     18    0.0
     19    0.0
     20    0.0
     21    0.0
     22    0.0
     23    0.0
     24    0.0
     25    0.0
     26    0.0
     27    0.0
     28    0.0
     29    0.0
     30    0.0
     31    0.0
     32    0.0
     33    0.0
     34    0.0
     35    0.0
     36   17.0
     37    1.2
     38   16.0
     39    6.8
     40    0.2
     41    0.0
     42    0.0
     43    8.8
     44    1.8
     45   51.2
     46   37.2
     47    0.0
     48   14.2
     49    0.0
     50    0.0
     51    0.0
     52    0.0
     53    0.0
     54    0.0
     55    0.0
     56    0.0
     57   10.2
     58    0.0
     59    0.0
     60    0.0
     61    0.0
     62    0.0
     63    0.0
     64    0.0
     65    0.0
     66    0.0
     67    0.0
     68    0.0
     69    0.0
     70    0.0
     71    0.0
     72   36.4
     73    0.0
     74    0.0
     75    0.0
     76    0.0
     77    0.0
     78    0.0
     79    9.4
     80    7.6
     81    0.0
     82    0.0
     83    0.0
     84    0.0
     85    0.0
     86    0.0
     87    0.0
     88    0.0
     89    0.0
     90    0.0
     91    0.0
     92    0.0
     93    6.6
     94    0.0
     95    0.0
     96    0.0
     97    0.0
     98    0.0
     99    0.0
    100    0.0
    101    0.0
    102    0.0
    103    0.0
    104    0.0
    105    0.0
    106    0.0
    107    0.0
    108    7.6
    109   11.0
    110    2.0
    111   10.0
    112    0.0
    113    8.2
    114   21.6
    115   18.0
    116   11.0
    117    0.8
    118    0.0
    119    0.0
    120    0.0
    121    0.0
    122    0.0
    123    0.0
    124    0.0
    125    4.2
    126   16.8
    127    8.4
    128    0.8
    129    5.2
    130    4.4
    131    0.0
    132    0.0
    133    0.0
    134    0.0
    135    0.0
    136    0.0
    137    0.0
    138    0.0
    139    0.0
    140    0.0
    141    0.0
    142    2.2
    143    0.0
    144    0.0
    145    0.0
    146    0.0
    147    0.0
    148    0.0
    149    0.0
    150    0.0
    151    0.0
    152    0.0
    153    0.0
    154    0.0
    155    0.0
    156    0.0
    157    0.0
    158    3.4
    159   15.4
    160    1.6
    161    6.6
    162   20.0
    163    0.8
    164   18.8
    165    1.6
    166    4.8
    167    1.4
    168   20.4
    169    6.0
    170   41.4
    171    5.4
    172    9.2
    173   39.8
    174   11.0
    175    6.0
    176   21.8
    177    2.0
    178   14.0
    179    9.2
    180    6.4
    181   17.0
    182   57.2
    183    9.8
    184   31.0
    185   51.8
    186   44.6
    187    6.2
    188   10.4
    189   26.0
    190    6.8
    191   15.6
    192   16.0
    193    6.0
    194    0.0
    195    5.8
    196    0.0
    197   22.8
    198   51.4
    199    0.0
    200    7.2
    201   21.2
    202   22.4
    203    3.8
    204   31.2
    205   20.4
    206   37.6
    207   21.2
    208   46.8
    209   14.6
    210   15.8
    211    0.0
    212   12.0
    213    2.8
    214    7.4
    215   40.0
    216   30.4
    217   61.4
    218   41.4
    219   21.2
    220   30.0
    221    4.6
    222    4.2
    223    5.2
    224   10.8
    225   29.2
    226    0.6
    227   40.2
    228   45.2
    229   16.4
    230   41.6
    231   39.6
    232    0.0
    233    0.0
    234    0.0
    235    9.2
    236    0.0
    237    4.6
    238    0.0
    239   65.4
    240   10.8
    241   50.4
    242   19.2
    243   38.0
    244    0.0
    245    6.8
    246   15.8
    247   22.2
    248   10.4
    249   41.4
    250   39.2
    251   31.6
    252   10.4
    253   33.0
    254    0.0
    255    0.0
    256    3.8
    257   10.6
    258   12.0
    259    0.0
    260    0.0
    261    0.0
    262    0.0
    263    0.0
    264    0.0
    265    0.0
    266    0.0
    267    0.4
    268   21.4
    269   46.2
    270    0.4
    271   12.2
    272   18.0
    273   10.2
    274    0.0
    275    0.0
    276    0.0
    277    0.0
    278    0.0
    279    2.2
    280    0.0
    281    0.0
    282    0.0
    283    0.0
    284    0.0
    285    2.8
    286   21.4
    287    0.0
    288    0.0
    289    0.0
    290   13.6
    291    0.0
    292    0.0
    293    0.0
    294    0.0
    295    0.0
    296    0.0
    297    0.0
    298    0.0
    299    0.0
    300    0.0
    301    0.0
    302    0.0
    303    0.0
    304    0.0
    305    0.0
    306    0.0
    307    0.0
    308    0.0
    309    0.0
    310    0.0
    311    4.4
    312    1.2
    313    0.0
    314    0.0
    315    0.0
    316    0.0
    317   27.2
    318    0.0
    319    0.0
    320    0.0
    321    0.0
    322    0.0
    323    0.0
    324    0.0
    325    0.0
    326    0.0
    327    0.0
    328    0.0
    329    0.0
    330    0.0
    331    0.0
    332    0.0
    333    0.0
    334    0.0
    335    0.0
    336    0.0
    337    0.0
    338    0.0
    339    0.0
    340    0.0
    341    0.0
    342    0.0
    343    0.0
    344    0.0
    345    0.0
    346    0.0
    347    0.0
    348    0.0
    349    0.0
    350    0.0
    351    0.0
    352    0.0
    353    0.0
    354    0.0
    355    0.0
    356    0.0
    357    0.0
    358    0.0
    359    0.0
    360    0.0
    361    0.0
    362    0.0
    363    0.0
    364    0.0
    365    0.0
