      1    0.0
      2    0.0
      3    0.0
      4    0.0
      5    0.0
      6    0.0
      7    0.0
      8    0.0
      9    0.0
     10    0.0
     11    0.0
     12    0.0
     13    0.0
     14    0.0
     15    0.0
     16   20.0
     17    0.0
     18    0.0
     19    0.0
     20    0.0
     21    0.0
     22    0.0
     23    0.0
     24    0.0
     25    0.0
     26    0.0
     27   11.0
     28    0.0
     29    0.0
     30    0.0
     31    0.0
     32    0.0
     33    0.0
     34    0.0
     35    0.0
     36    0.0
     37    0.0
     38    0.0
     39    0.0
     40    0.0
     41    0.0
     42    0.0
     43    0.0
     44    0.0
     45    0.0
     46    0.0
     47    0.0
     48    0.0
     49    0.0
     50    0.0
     51    0.0
     52    0.0
     53    0.0
     54    0.0
     55    0.0
     56    0.0
     57    0.0
     58    0.0
     59    0.0
     60    0.0
     61    0.0
     62    0.0
     63    0.0
     64    0.0
     65    0.0
     66    0.0
     67    0.0
     68    0.0
     69    0.0
     70    0.0
     71    0.0
     72    0.0
     73    0.0
     74    0.0
     75    0.0
     76    0.0
     77    0.0
     78    0.0
     79    3.3
     80    6.0
     81    0.0
     82    0.0
     83    2.0
     84    3.0
     85    0.0
     86    0.0
     87    0.0
     88    0.0
     89    0.0
     90    0.0
     91    0.0
     92   14.0
     93    8.0
     94    0.0
     95    0.0
     96    0.0
     97    0.0
     98   11.0
     99    0.0
    100    0.0
    101    0.0
    102    0.0
    103    0.0
    104    0.0
    105    0.0
    106    0.0
    107    1.0
    108    0.0
    109    0.0
    110    0.0
    111    0.0
    112    0.0
    113    0.0
    114    0.0
    115    0.0
    116    0.0
    117    0.0
    118    0.0
    119    0.0
    120    0.0
    121    0.0
    122    0.0
    123    0.0
    124    0.0
    125    0.0
    126    2.2
    127    0.0
    128    3.4
    129    0.0
    130    0.0
    131    9.8
    132    0.0
    133    6.2
    134    0.0
    135    4.2
    136    2.8
    137    7.6
    138    0.0
    139    2.8
    140    0.0
    141    0.0
    142   13.2
    143   17.4
    144    0.0
    145    0.0
    146   36.6
    147    0.0
    148   13.4
    149    0.0
    150    6.2
    151   10.8
    152    0.0
    153    4.4
    154    0.0
    155   28.4
    156    0.0
    157    0.0
    158   32.2
    159   16.2
    160    0.0
    161    0.0
    162   15.6
    163    9.4
    164    0.0
    165    0.0
    166    6.0
    167    0.0
    168   14.4
    169    0.0
    170   18.8
    171    0.0
    172   18.1
    173   26.8
    174   37.8
    175   34.0
    176   10.2
    177    0.0
    178   17.2
    179    0.0
    180    0.0
    181   10.0
    182    7.0
    183   12.0
    184   16.0
    185   34.0
    186   15.0
    187    9.0
    188    3.0
    189   39.1
    190   12.4
    191    0.0
    192    0.0
    193   10.2
    194   31.2
    195   10.2
    196    0.0
    197    0.0
    198   15.0
    199   16.2
    200   18.2
    201    8.4
    202    0.0
    203   17.4
    204    9.0
    205   12.0
    206    5.0
    207    0.0
    208   15.0
    209    0.0
    210   34.2
    211   20.2
    212   19.2
    213    7.0
    214   12.5
    215   25.0
    216   23.4
    217   17.0
    218   15.0
    219   17.4
    220    5.0
    221    3.0
    222   30.2
    223    6.0
    224   37.0
    225   23.4
    226   25.0
    227   15.2
    228    7.0
    229   25.5
    230   20.0
    231   12.0
    232   39.0
    233   27.4
    234   40.0
    235   15.0
    236   21.0
    237    0.0
    238    0.0
    239    0.0
    240    7.0
    241   12.0
    242    0.0
    243   17.0
    244    5.0
    245    0.0
    246   12.4
    247   13.6
    248   19.3
    249    0.0
    250    0.0
    251   12.0
    252   15.0
    253   15.4
    254   10.6
    255   28.0
    256    0.0
    257    0.0
    258    0.0
    259   17.0
    260    0.0
    261    0.0
    262    0.0
    263    0.0
    264    0.0
    265   13.0
    266    0.0
    267   34.0
    268    9.0
    269   30.0
    270   11.0
    271    0.0
    272    0.0
    273   10.0
    274    0.0
    275    0.0
    276    9.3
    277    0.0
    278    0.0
    279    0.0
    280    0.0
    281   10.0
    282    0.0
    283    0.0
    284    0.0
    285    0.0
    286    0.0
    287    0.0
    288    0.0
    289   16.0
    290    0.0
    291    0.0
    292    0.0
    293    0.0
    294    0.0
    295    0.0
    296    0.0
    297    0.0
    298    3.0
    299    0.0
    300    0.0
    301    0.0
    302    0.0
    303    3.0
    304    0.0
    305    0.0
    306    0.0
    307    0.0
    308    0.0
    309    0.0
    310    0.0
    311    0.0
    312    0.0
    313    0.0
    314    0.0
    315    0.0
    316    0.0
    317   24.0
    318    0.0
    319    0.0
    320    0.0
    321    0.0
    322    0.0
    323    0.0
    324    0.0
    325    0.0
    326    0.0
    327    0.0
    328    0.0
    329    0.0
    330    0.0
    331    0.0
    332    0.0
    333    0.0
    334    0.0
    335    0.0
    336    0.0
    337    0.0
    338    0.0
    339    0.0
    340    0.0
    341    0.0
    342    0.0
    343    0.0
    344    0.0
    345    0.0
    346    0.0
    347    0.0
    348    0.0
    349    0.0
    350    0.0
    351    0.0
    352    0.0
    353    0.0
    354    0.0
    355    0.0
    356    0.0
    357    0.0
    358    0.0
    359    0.0
    360    0.0
    361    0.0
    362    0.0
    363    0.0
    364    0.0
    365    0.0
