      1    0.0
      2    0.0
      3    0.0
      4    0.0
      5    0.0
      6    0.0
      7    0.0
      8    0.0
      9    0.0
     10    0.0
     11    0.0
     12    0.0
     13    0.0
     14    0.0
     15    0.0
     16   34.4
     17    T  
     18    0.0
     19    0.0
     20    0.0
     21    0.0
     22    0.0
     23    0.0
     24    0.0
     25    0.0
     26    0.0
     27    0.0
     28    0.0
     29    0.0
     30    0.0
     31    0.0
     32    0.0
     33    0.0
     34    0.0
     35    0.0
     36    0.0
     37    0.0
     38    0.0
     39    0.0
     40    4.0
     41    0.0
     42    9.5
     43    5.9
     44    0.0
     45    0.0
     46    0.0
     47    0.0
     48    0.0
     49    6.0
     50    0.0
     51    0.0
     52    0.0
     53    0.0
     54    0.0
     55    0.0
     56    1.1
     57    7.4
     58    8.4
     59    0.0
     60    0.0
     61    0.0
     62    0.0
     63    2.0
     64    4.1
     65    0.0
     66    0.0
     67    0.0
     68    9.6
     69    0.0
     70    0.0
     71    0.0
     72    6.1
     73    0.0
     74    0.0
     75    0.0
     76    0.0
     77    0.0
     78    0.0
     79    0.0
     80    0.0
     81    0.0
     82    0.0
     83    9.1
     84    0.0
     85    2.1
     86    0.0
     87    0.0
     88    0.0
     89    0.0
     90    8.0
     91   10.6
     92    0.0
     93    0.0
     94    0.0
     95    0.0
     96    0.0
     97    0.0
     98    0.0
     99    0.0
    100    0.0
    101    0.0
    102    0.0
    103    0.0
    104    0.0
    105    0.0
    106    0.0
    107    0.0
    108    0.0
    109   15.3
    110    0.0
    111    0.0
    112    0.0
    113    0.0
    114    0.0
    115    3.4
    116    8.2
    117    7.0
    118    0.0
    119    0.0
    120    0.0
    121    0.0
    122    0.5
    123    2.2
    124    0.0
    125    0.0
    126    0.0
    127    0.0
    128    0.0
    129    0.0
    130    0.0
    131    0.0
    132    0.0
    133    0.2
    134    0.2
    135    2.6
    136    0.0
    137    2.4
    138    2.0
    139    0.0
    140    0.0
    141    0.0
    142    0.0
    143   14.6
    144    0.0
    145    0.0
    146    0.0
    147    0.0
    148    6.0
    149    0.0
    150   22.2
    151    6.0
    152    0.0
    153    0.2
    154    3.9
    155    6.4
    156    6.4
    157    0.0
    158   11.4
    159    0.0
    160    0.0
    161    0.0
    162    0.0
    163    0.0
    164    0.0
    165    0.0
    166    0.0
    167    0.0
    168    2.1
    169   65.0
    170   30.8
    171    2.0
    172    6.2
    173    1.4
    174    9.8
    175    8.8
    176    3.3
    177    6.2
    178   51.4
    179    9.2
    180    0.2
    181   41.0
    182    5.4
    183    5.0
    184    0.0
    185    0.0
    186    0.0
    187    0.0
    188    3.2
    189   10.2
    190   27.6
    191   11.0
    192    0.0
    193    0.0
    194   39.6
    195    5.0
    196   20.0
    197   56.0
    198    0.0
    199    1.0
    200   21.8
    201    0.4
    202   27.2
    203   11.0
    204    0.6
    205   36.6
    206    1.0
    207   14.0
    208    2.8
    209   22.8
    210    0.0
    211    0.0
    212    0.0
    213    0.0
    214    0.0
    215    0.0
    216   44.0
    217   31.0
    218   10.2
    219   30.8
    220    8.0
    221   16.6
    222   36.6
    223   22.8
    224   25.4
    225   51.3
    226   69.0
    227   29.2
    228   38.4
    229   32.6
    230   30.6
    231   50.7
    232   18.2
    233   10.6
    234   52.6
    235   13.8
    236   16.2
    237    4.2
    238    0.0
    239    0.0
    240   20.8
    241    0.0
    242    3.8
    243   10.0
    244    9.5
    245   26.0
    246    7.6
    247    4.8
    248   23.8
    249    2.2
    250   40.2
    251   16.0
    252   11.2
    253   10.2
    254   40.5
    255    9.0
    256    0.8
    257    0.6
    258    0.5
    259    2.2
    260    0.0
    261    0.0
    262    0.0
    263    0.0
    264    0.0
    265    0.0
    266    0.0
    267    0.0
    268    1.6
    269    0.0
    270    0.0
    271   29.2
    272    5.2
    273    7.8
    274    0.0
    275    0.0
    276    0.0
    277    0.0
    278    7.0
    279   39.0
    280    0.2
    281    0.0
    282    0.0
    283    0.0
    284    0.4
    285    0.0
    286    0.0
    287    0.0
    288    0.0
    289    T  
    290    0.0
    291    0.0
    292    0.0
    293    0.0
    294    0.0
    295    0.0
    296    0.0
    297    0.0
    298    0.0
    299    0.0
    300    0.0
    301    0.0
    302    0.0
    303    0.0
    304    0.0
    305   10.4
    306    0.0
    307    0.0
    308    0.0
    309    0.0
    310    0.0
    311    0.0
    312    0.0
    313    0.0
    314    0.0
    315    0.0
    316    0.0
    317    0.0
    318    0.0
    319    0.0
    320    0.0
    321    0.0
    322    0.0
    323    0.0
    324    0.0
    325    0.0
    326    0.0
    327    0.0
    328    0.0
    329    0.0
    330    0.0
    331    0.0
    332    0.0
    333    0.0
    334    0.0
    335    0.0
    336    0.0
    337    0.0
    338    0.0
    339    0.0
    340    0.0
    341    0.0
    342    0.0
    343    0.0
    344    0.0
    345    0.0
    346    0.0
    347    0.0
    348    0.0
    349    0.0
    350    0.0
    351    0.0
    352    0.0
    353    0.0
    354    0.0
    355    0.0
    356    0.0
    357    0.0
    358    0.0
    359    0.0
    360    0.0
    361    0.0
    362    0.0
    363    0.0
    364    0.0
    365    0.0
    366    0.0
