      1   52.0
      2    0.0
      3    0.0
      4    0.0
      5    0.0
      6    0.0
      7    0.0
      8    0.0
      9    0.0
     10    0.0
     11    0.0
     12    0.0
     13    0.0
     14    0.0
     15    0.0
     16    0.0
     17    0.0
     18    0.0
     19    0.0
     20    0.0
     21    0.0
     22    0.0
     23    0.0
     24    0.0
     25    0.0
     26    0.0
     27    0.0
     28    0.0
     29    8.0
     30   10.0
     31    2.0
     32   28.0
     33    2.0
     34    0.0
     35    0.0
     36    0.0
     37    0.0
     38    0.0
     39    0.0
     40    0.0
     41    0.0
     42    0.0
     43    0.0
     44    0.0
     45    0.0
     46    0.0
     47    0.0
     48    0.0
     49    0.0
     50   33.2
     51   24.0
     52    0.0
     53    0.0
     54    0.0
     55    0.0
     56    0.0
     57    0.0
     58    0.0
     59    0.0
     60    0.0
     61    0.0
     62    0.0
     63    0.0
     64    0.0
     65    0.0
     66    0.0
     67    0.0
     68    0.0
     69    0.0
     70    0.0
     71    0.0
     72   32.4
     73    0.0
     74    0.0
     75    0.0
     76   39.4
     77    0.0
     78    6.0
     79    0.0
     80    0.0
     81    0.0
     82    0.0
     83    4.9
     84    0.0
     85    0.0
     86    0.0
     87    0.0
     88    0.0
     89    0.0
     90   22.0
     91    0.0
     92    0.0
     93    0.0
     94    9.2
     95    0.0
     96    0.0
     97    0.0
     98    0.0
     99    0.0
    100    0.0
    101    0.0
    102    0.0
    103    0.0
    104    0.0
    105    0.0
    106   12.0
    107   16.4
    108    0.0
    109    0.0
    110    9.4
    111    7.4
    112    0.0
    113    0.0
    114    0.0
    115    0.0
    116    0.0
    117   12.0
    118    1.2
    119    9.0
    120    0.0
    121    0.0
    122    0.0
    123    0.0
    124   35.0
    125    0.0
    126    0.0
    127    0.0
    128    0.0
    129    0.0
    130    0.0
    131    0.0
    132    0.0
    133    0.0
    134    0.0
    135   14.6
    136    0.0
    137   10.4
    138    0.0
    139    0.0
    140    0.0
    141    0.0
    142    5.0
    143    0.0
    144    0.0
    145    0.0
    146    0.0
    147    0.0
    148    0.0
    149    0.0
    150    0.0
    151    0.0
    152    0.0
    153    0.0
    154    3.0
    155   12.4
    156    0.0
    157    1.4
    158    0.0
    159   16.8
    160    2.2
    161    0.0
    162   10.4
    163    0.0
    164    0.0
    165    0.0
    166    0.0
    167    0.0
    168    4.6
    169    0.0
    170    7.0
    171    0.0
    172   10.2
    173   29.0
    174   10.2
    175   50.2
    176    5.0
    177    8.0
    178   10.0
    179    0.4
    180   40.4
    181   14.0
    182   40.2
    183    0.0
    184   40.8
    185    6.6
    186   16.0
    187   10.2
    188   16.0
    189   26.0
    190   27.4
    191   20.0
    192    4.6
    193    7.8
    194   27.0
    195    9.6
    196   53.2
    197   16.6
    198   30.2
    199   39.2
    200   21.2
    201   24.4
    202   31.0
    203   29.8
    204    2.0
    205    5.6
    206    0.0
    207    9.0
    208   18.4
    209   12.4
    210   17.8
    211   20.2
    212   52.0
    213   31.0
    214   22.8
    215   11.6
    216    1.0
    217    4.8
    218   20.2
    219    9.2
    220   10.0
    221   19.4
    222   28.2
    223   10.4
    224   30.0
    225   41.6
    226   10.0
    227    4.4
    228    0.0
    229   35.4
    230   47.8
    231   46.8
    232   12.8
    233    6.4
    234   22.4
    235   13.0
    236    5.0
    237    0.0
    238   30.4
    239    5.0
    240    0.0
    241   33.0
    242    9.2
    243    2.4
    244   25.2
    245   39.8
    246    5.0
    247   88.8
    248   38.2
    249   18.0
    250    8.8
    251    0.0
    252   14.4
    253   21.8
    254    0.0
    255    1.8
    256   11.6
    257    0.0
    258   54.8
    259   36.4
    260    0.0
    261    0.0
    262    0.0
    263   34.8
    264   26.4
    265    2.0
    266    6.0
    267   20.4
    268    3.4
    269    0.0
    270    0.0
    271    0.0
    272   20.2
    273   15.8
    274    0.0
    275    0.0
    276    0.0
    277    0.0
    278    0.0
    279    0.0
    280    0.0
    281    0.0
    282   11.4
    283    1.6
    284    0.0
    285    0.0
    286    0.0
    287    0.0
    288    0.0
    289    0.0
    290    0.0
    291    0.0
    292    0.0
    293    0.0
    294    0.0
    295    0.0
    296    0.0
    297    0.0
    298    0.0
    299    0.0
    300    0.0
    301    0.0
    302    0.0
    303    0.0
    304    0.0
    305    0.0
    306    0.0
    307    0.0
    308    0.0
    309    0.0
    310    0.0
    311    0.0
    312    0.0
    313    0.0
    314    0.0
    315    0.0
    316    0.0
    317    0.0
    318    0.0
    319    0.0
    320    0.0
    321    0.0
    322    0.0
    323    0.0
    324    0.0
    325    0.0
    326    0.0
    327    0.0
    328    0.0
    329    0.0
    330    0.0
    331    0.0
    332    0.0
    333    0.0
    334    0.0
    335    0.0
    336    0.0
    337    0.0
    338    0.0
    339    0.0
    340    0.0
    341    0.0
    342    0.0
    343    0.0
    344    0.0
    345    0.0
    346    0.0
    347    0.0
    348    0.0
    349    0.0
    350    0.0
    351    0.0
    352    0.0
    353    0.0
    354    0.0
    355    0.0
    356    0.0
    357    0.0
    358    0.0
    359    0.0
    360    0.0
    361    0.0
    362   34.6
    363    4.0
    364    0.0
    365    0.0
