Station number: 420
Location:       Kotagaon Shringe                                                  Latitude: 27 45 00
River:          Kali Gandaki                                                     Longitude: 84 20 50

Year:           2001

                                    Mean daily discharge in m3/s
                                    ============================

Day     Jan.   Feb.   Mar.   Apr.   May    Jun.   Jul.   Aug.   Sep.   Oct.   Nov.   Dec.   Year
 01      118   99.3   85.9   75.5    119    182    656   2790   1690    402    232    158
 02      123   97.4   82.9   74.3    134    251    514   2420   2180    397    230    158
 03      118   95.5   80.7   73.1    168    377    466   2190   2190    386    226    157
 04      116   91.3   78.0   70.7    131    313    480   2130   1860    397    222    156
 05      114   89.9   78.0   69.5    146    452    560   1530   2040    406    222    155
 06      111   89.5   77.6   68.7    123    411    526   1200   1840    387    222    153
 07      109   87.7   76.7   67.9    126    344    482    980   1600    363    216    151
 08      107   87.7   77.6   68.3    141    297    487    898   1360    357    216    150
 09      109   87.3   76.3   68.3    151    263    419    976   1430    348    213    149
 10      106   88.1   77.6   69.1    160    248    414    995   1290    339    208    144
 11      107   89.5   75.9   68.3    167    288    502    981   1130    332    205    143
 12      106   92.7   75.1   68.3    150    266    568    929    961    321    203    141
 13      106   90.4   74.3   70.3    145    239    518   1140    970    312    198    141
 14      105   88.6   74.7   73.5    157    301    561   1550   1070    308    196    140
 15      104   87.3   76.4   76.8    152    295    957   1280   1010    302    196    138
 16      104   87.3   77.6   80.7    135    354   2500   1160    882    291    195    136
 17      105   86.4   74.3   79.3    143    368   4290   1080    827    288    194    133
 18      101   85.1   73.5   78.0    133    377   1800   1210    757    282    191    133
 19      101   83.3   73.1   75.5    124    403   1340   2280    681    279    189    131
 20     99.8   83.3   71.1   82.0    122    697   1210   2320    636    272    188    130
 21     97.9   82.0   69.5   79.8    128    626   1130   2100    573    268    185    130
 22     97.9   86.8   74.7   79.3    123    566   1050   2860    553    268    183    128
 23     97.0   85.9   74.3   79.8    122    803   1040   5100    526    264    181    125
 24     95.5   84.6   74.3   84.2    131    770    975   4030    515    260    179    124
 25     95.5   85.5   70.7   83.3    163    583    898   3230    485    257    177    123
 26     94.1   88.6   69.9   84.6    167    579    996   2330    474    252    175    121
 27     92.2   88.6   71.9   88.1    166    736   1180   2270    461    248    173    120
 28     91.8   87.3   69.9   91.3    172    419   1020   2270    431    246    168    118
 29     95.5          71.9   93.2    165    446   1670   2140    410    244    163    118
 30     98.4          76.0    109    176    575   2040   2100    403    239    159    117
 31     98.4          75.1           174          3330   1600           234           117

Min     91.8   82.0   69.5   67.9    119    182    414    898    403    234    159    117   67.9
Mean     104   88.5   75.3   77.7    146    428   1120   1940   1040    308    197    137    471
Max      123   99.3   85.9    109    176    803   4290   5100   2190    406    232    158   5100

