Station number: 420
Location:       Kotagaon Shringe                                                  Latitude: 27 45 00
River:          Kali Gandaki                                                     Longitude: 84 20 50

Year:           2002

                                    Mean daily discharge in m3/s
                                    ============================

Day     Jan.   Feb.   Mar.   Apr.   May    Jun.   Jul.   Aug.   Sep.   Oct.   Nov.   Dec.   Year
 01      117   90.0   NA      112    118    209    428   1260    693    437    184    155
 02      116   86.8   NA      126    126    193   1080   1180    684    426    178    145
 03      115   95.5   NA     95.5    108    168   1280   1560    932    415    191    142
 04      116   NA     NA      104   99.4    205    456   1530    653    403    265    140
 05      115   86.4   NA     91.3    120    196   1120   1160    686    386    256    137
 06      114   86.2   NA     92.2    134    223    539    966   1020    367    247    132
 07      114    110   NA      103    125    239    621    876    857    369    226    116
 08      111    111   NA      112    165    272    584    693    771    356    186    130
 09      110    103   NA      109    135    238    771    643    664    347    208    126
 10      109    101   NA      110    168    232    696    664    611    366    200    116
 11      109   99.3   NA      112    201    360    658    917    588    341    189    111
 12      109    104   NA      101    216    368    668   1150    565    292    179    122
 13      109   NA     NA     94.6    193    367    640   1760    545    262    198    104
 14      109   NA     90.8   93.2    279    307    571   1700    515    272    267   91.0
 15      111   NA     89.0   94.6    235    295    704   1360    495    285    206   85.1
 16      117   NA     89.9   98.4    218    306    629   1320    469    299    216    125
 17      140   NA     88.6    108    208    317    722   1090    487    272    196    132
 18      147   NA     86.8    147    259    335    604    948    472    263    183    123
 19      132   NA     99.3    144    261    332    618    837    476    245    176    128
 20      123   NA      101    136    196    326   1160    903    462    232    170    132
 21      120   NA      105    136    215    364   2430    962    434    221    167    132
 22      115   NA      104    135    195    316   2730   2010    495    216    160    116
 23      115   NA      121    138    185    292   2420   2310    527    259    170    127
 24      113   NA      111    124    170    346   1790   1820    470    240    167    132
 25      102   NA      101    134    215    370   1660   1350    642    234    165   90.5
 26     87.8   NA      110    166    203    360   1440   1130    672    269    162   82.4
 27     78.0   NA      112    133    174    370   1340   1070    569    216    141   95.3
 28     95.7   NA     94.6    143    164    455   1180   1020    518    211    149   92.2
 29      115          95.1    133    204    345   1280    841    461    208    165    112
 30      119          95.0    124    247    378   1210    777    446    213    163    124
 31      106           102           232          1280    738           236           123

Min     78.0   86.2   86.8   91.3   99.4    168    428    643    434    208    141   82.4   78.0
Mean     113   NA     NA      118    186    303   1080   1180    596    295    191    120   NA  
Max      147    111    121    166    279    455   2730   2310   1020    437    267    155   2730

