Station number: 420
Location:       Kotagaon Shringe                                                  Latitude: 27 45 00
River:          Kali Gandaki                                                     Longitude: 84 20 50

Year:           2003

                                    Mean daily discharge in m3/s
                                    ============================

Day     Jan.   Feb.   Mar.   Apr.   May    Jun.   Jul.   Aug.   Sep.   Oct.   Nov.   Dec.   Year
 01      133   NA     88.3    110    114    260   1500   3030   1200   1070    289    193
 02      146   NA      107    111   91.8    237   1370   2050   2270    981    296    201
 03     NA     NA      103    110    121    237    736   1600   2060    894    298    188
 04     NA     NA     83.8    109    100    285   1190   1430   1880    726    280    181
 05     NA     NA     94.9   92.2    121    260   1490   1230   1820    533    270    174
 06      137   NA      102   80.3    118    248   1240   1080   1780    508    263    169
 07      127   NA     89.0    100   89.6    195   1090    962   1420    461    266    173
 08      119   NA     82.8   93.7   83.7    211    900    957   1250    422    248    166
 09      124   NA     74.4   88.1    101    226   2380   1090   1170    401    235    170
 10      109   NA     81.1   90.5   79.3    235   2500   1090   1060    391    229    181
 11      104   NA     95.5   88.2   81.1    233   1730   1100    938    388    233    171
 12      101   NA     89.0   97.0    101    221   1390   1030    960    378    242    159
 13     89.1   97.5   79.9   97.0   92.3    241   1150   1190   1140    365    220    146
 14     79.3   98.2   86.3   96.5   82.0    240   1750   1160   1080    358    206    146
 15     NA     98.6   92.1   86.0    107    237   1350   1180   1080    363    218    152
 16     NA     92.4   90.5    105    110    236   1160   1090   1210    359    225    147
 17     NA     91.2   83.2    100    122    246   1080    947   1120    349    232    137
 18     NA     86.3   85.5    124    118    289   1060   2090    963    368    245    151
 19     NA      101   64.7    101    141    298   1050   3470    900    343    232    132
 20     NA      120   86.4    115    174    268   1580   3420    850    330    225    131
 21     NA      131   92.7    116    150    304   1630   2590   1030    292    224    146
 22     NA      113   70.4    119    192    394   1160   2060   1040    261    211    145
 23     NA      104   76.2    101    174    346   1030   1630   1140    254    209    140
 24     NA      103    108   97.0    172    396    937   1570   1300    292    212    147
 25     NA     92.3    106   95.1    177   1150    865   1250   1320    310    209    136
 26     NA     82.9    118    121    154    912    793   1170   1180    342    206    115
 27     NA      102    112    119   95.2   1110    818   1080   1040    371    199    132
 28     NA      108   97.4    144    108   1160    868   1100   1010    348    181    147
 29     NA            93.2    119    145   1020    849   1150    865    295    180    148
 30     NA            93.8    121    131   1400    842   1150    951    268    182    151
 31     NA             118           164          3060   1120           288           143

Min     79.3   82.9   64.7   80.3   79.3    195    736    947    850    254    180    115   64.7
Mean    NA     NA     91.8    105    123    437   1310   1520   1240    429    232    156   NA  
Max      146    131    118    144    192   1400   3060   3470   2270   1070    298    201   3470

