Station number: 420
Location:       Kotagaon Shringe                                                  Latitude: 27 45 00
River:          Kali Gandaki                                                     Longitude: 84 20 50

Year:           2004

                                    Mean daily discharge in m3/s
                                    ============================

Day     Jan.   Feb.   Mar.   Apr.   May    Jun.   Jul.   Aug.   Sep.   Oct.   Nov.   Dec.   Year
 01      141    122   99.9   73.1   89.6    178    326   1060    896    571    279    164
 02      134    120    109   73.2   73.5    160    270   1020    751    578    285    157
 03      123    122    116    108   87.9    164    426   1070    709    789    281    169
 04      133    128    101   99.0    103    191    546    850    941    677    277    180
 05      157    120    105    121   90.0    193    434    840    975    621    206    175
 06      149    119    100    109    109    199    606   1040    754    606    205    174
 07      114    114    101    103    114    165    636   1050    715    533    199    174
 08      111    115    106    109   94.6    194    824   1010    659    516    213    164
 09      111    109  100.0    110    102    201   1060    932    676    517    228    162
 10      108    113    111    122    108    169    727    844   2000    490    216    159
 11      102    113   98.0    111   85.1    141    653    794   1090    493    221    158
 12      102    106    104    105   66.0    188    755    766    835    402    212    157
 13      113    109    105   95.5    121    197   1110    713    766    421    207    166
 14      109    106   73.9   97.9    145    197   1180    675    726    417    205    149
 15      126    101    104    108    126    212   1120    665    706    404    215    139
 16      121    115   94.8    102    115    248    685    728    698    381    244    159
 17      124    112    107    105    114    475    714    754    656    379    214    153
 18      116   97.2   95.3   87.7    158    583   1110    937    669    364    233    153
 19      113    105    109    106    185    714   2400   1140    644    369    226    152
 20      125    104    112    107    185    311   1860   2020    639    360    220    147
 21      124    108    119    101    247    406   1520   1770    653    342    212    139
 22      118   85.1    125    109    178    464    801   1180    681    337    211    134
 23      133    107    116    129    171    400    777   1070    639    329    204    132
 24      159    113    114    134    158    351    686    889    575    332    213    139
 25      144    111    121    128    151    338    680    793    489    353    203    142
 26      136    101    107    122    142    309    887    703    455    343    176    135
 27      109    113   98.9    118    142    269    791    644    495    293    164    133
 28      124    121   95.5    118    130    294   1210    609    464    257    202    118
 29      123    106    104    116    155    252   1240    640    604    268    188    110
 30      126          86.6    114    181    272   1110    615    573    298    179    104
 31      126          79.3           163          1050    675           287           123

Min      102   85.1   73.9   73.1   66.0    141    270    609    455    257    164    104   66.0
Mean     124    111    104    108    132    281    910    919    737    430    218    149    352
Max      159    128    125    134    247    714   2400   2020   2000    789    285    180   2400

