Station number: 420
Location:       Kotagaon Shringe                                                  Latitude: 27 45 00
River:          Kali Gandaki                                                     Longitude: 84 20 50

Year:           2005

                                    Mean daily discharge in m3/s
                                    ============================

Day     Jan.   Feb.   Mar.   Apr.   May    Jun.   Jul.   Aug.   Sep.   Oct.   Nov.   Dec.   Year
 01      115    122   85.1   92.0    116    145    445    688    634    361    299    179
 02      128    121    110   88.7    118    136    544    713    617    376    310    170
 03      124    111    112   81.6    113    126    902    670    635    357    297    167
 04      124    108    110   84.7    108   92.7    691    673    651    382    261    171
 05      122    105    111   78.2    115    141    522    754    620    391    250    172
 06      117   99.5    103   87.7    107    161    953    860    710    437    261    171
 07      119    126   94.4   83.7    132    135   1110   1180    785    402    258    161
 08      125    123   97.2    102    128    153    626    963    681    402    222    162
 09      116    116   94.5   89.0    135    136    605    840    798    360    210    164
 10      101    119    103   90.1    138    136   1090    733    784    373    226    154
 11      109    102   79.3   81.7    145    137   1320    711    649    377    198    152
 12      124    109   80.1   96.6    130    149    919    800    595    373    236    146
 13      119   94.3   87.4   75.7    127    172    963   1080    580    362    221    152
 14      108   92.0   92.5    100    117    207   1040    955    541    369    237    147
 15      117   98.8   99.0    103    114    190   1180    970    520    349    216    141
 16     96.2    107    108    108   94.8    209    941   1050    478    292    232    136
 17      112    115   98.9    107    121    205   1010    976    466    324    229    141
 18      132    124   93.6    101    137    199   1510   1050    452    306    222    141
 19      122    101    107   98.2    146    205   1100   1840    456    310    224    150
 20      131    114    106   96.9    133    222   1100   2020    444    320    228    149
 21      119    111    120    102    120    201   1030   1600    411    888    237    148
 22      120    104    113   96.2    154    276   1100   1290    590    531    211    137
 23      137   99.9    102   88.2    136    281   1130   1210    573    512    204    139
 24      132    104    118    102    170    300    980   1180    545    504    199    137
 25      130    108    103    147    178    287    918   1230    528    459    192    133
 26      137    105   93.8    143    187    291    900   1200    472    406    206    153
 27      125    104    102    116    168    372    936   1060    421    389    183    149
 28      135    103    104    140    167    425    919    831    404    368    184    133
 29      142          99.6    113    171    436    902    777    377    340    176    124
 30      136           102    110    160    452    848    724    389    352    177    119
 31      123           102           152           744    652           342           129

Min     96.2   92.0   79.3   75.7   94.8   92.7    445    652    377    292    176    119   75.7
Mean     122    109    101    100    137    219    935   1010    560    397    227    149    339
Max      142    126    120    147    187    452   1510   2020    798    888    310    179   2020

