Station number: 420
Location:       Kotagaon Shringe                                                  Latitude: 27 45 00
River:          Kali Gandaki                                                     Longitude: 84 20 50

Year:           2006

                                    Mean daily discharge in m3/s
                                    ============================

Day     Jan.   Feb.   Mar.   Apr.   May    Jun.   Jul.   Aug.   Sep.   Oct.   Nov.   Dec.   Year
 01      142    108    112   87.8    108    262    514    579   1070    367    218    148
 02      121    105    105   83.1    104    279    501    603    912    358    217    125
 03      140    110   92.9   99.3    154    284    519    591    717    350    205    122
 04      146    108    100  100.0    160    553    429    670    626    383    201    145
 05      128   98.7    100   98.3    140    437    444    662    648    357    203    119
 06      116    100   78.9    102    120    380    499    717    578    326    204    135
 07      113    100   77.0    101    116    406    441    710    527    321    158    131
 08      111    100   76.2    104    120    390    494    754    528    338    210    142
 09      114   95.4   83.6   97.5    143    317    565    700    603    326    179    139
 10      121    114   84.0    104    152    336    386    701    610    301    184    130
 11      124    121   94.9    105    180    418    498    654    847    301    171    126
 12      119    109    106    140    163    381    711    565    910    287    181    137
 13      132    107    128    101    167    350    828    520    844    295    173    135
 14      131   96.2    145   93.4    152    270    953    543    767    272    166    128
 15      130   97.6    107   85.3    151    264   1170    556    721    289    167    113
 16      120    116    105   87.7    170    240   1350    562    658    266    166    118
 17      113    109    117   89.7    167    235   1080    491    661    258    166    130
 18      120    111    109   76.1    147    245   1140    469    610    256    165    139
 19      113    108    114    108    152    242   1240    466    608    265    153    131
 20      132    111   75.4    130    162    240   1600    487    540    278    171    127
 21      109    107    101    111    182    208   1200    800    516    272    156    114
 22     99.6    107    101    105    216    218   1060    637    493    248    164    112
 23      109    108   89.8    108    199    208    876    612    593    289    147    105
 24      125    102   98.6    111    182    327    775    635    606    263    149    102
 25      103    111   98.1    128    195    389    733    645    595    256    130    116
 26     96.8    109   79.4    124    254    432    811    681    524    228    155    127
 27      107    108   77.7    140    310    412   1060   1590    533    225    161    132
 28      111   92.1   80.3    112    290    437    828   1810    486    250    145    132
 29      115          80.5    111    349    500    738   1720    427    209    134    130
 30      113          98.9    108    341    550    704   1490    397    217    150    128
 31      113          83.6           292           630   1200           222           116

Min     96.8   92.1   75.4   76.1    104    208    386    466    397    209    130    102   75.4
Mean     119    106   96.8    105    185    340    799    768    638    286    172    127    312
Max      146    121    145    140    349    553   1600   1810   1070    383    218    148   1810

