Station number: 420
Location:       Kotagaon Shringe                                                  Latitude: 27 45 00
River:          Kali Gandaki                                                     Longitude: 84 20 50

Year:           2007

                                    Mean daily discharge in m3/s
                                    ============================

Day     Jan.   Feb.   Mar.   Apr.   May    Jun.   Jul.   Aug.   Sep.   Oct.   Nov.   Dec.   Year
 01      110    106    110    120    130    132    125    109    117    117    111    101
 02     89.7    105   96.7   99.7    103    120   90.1   96.8    106   95.8   90.1   84.8
 03      116    128    119    111   98.2    103    114    103    102    105    105    106
 04      128    136    119    114    127    120    124    109    104    110    105    120
 05      118    113    115    111    115    115    129    129    112    111    146    105
 06      103   82.8    107    105    154    148    196    213    375    538    456    337
 07      428    385    479    500    502    500    540    557    699    548    751    732
 08     2110   1970   1790   1380   1210   1030    904    836    810    771    755    781
 09     2340   1710   1490   2260   2490   5020   3250   2170   1820   1480   1180   1060
 10     1800   1370   1110    973    883    793    744    716    671    671    625    615
 11      323    321    267    333    306    311    305    283    285    303    349    328
 12      197    194    197    193    187    185    171    180    184    186    178    173
 13      114   89.5    101    110    101    350   1110    887   1100    578    289    179
 14      113    245    122    124    169    545   1060   1150   1050    549    230    175
 15     96.2    205    132    130    112    742   1100   1470   1060    543    236    168
 16     83.6    160    124    112    113    470    998   1480    980    579    235    147
 17     84.0    128    116    114    148    923    924   2300    895    570    223    155
 18     89.2   96.3    107    113    133    377   1190   1730    775    510    236    151
 19     98.9    105    109    135    160    324    959   1780    777    491    242    153
 20      108    114    106    136    191    337   1600   1810    712    495    214    150
 21      106    104    123    142    148    310   1320   1350    746    497    215    167
 22      102    104    116    112    183    270   1470   1120    678    480    217    159
 23      105    109   93.0    121    170    265   1570    970    634    440    222    151
 24      114   97.8    119    136    180    267   1330   1070    631    405    206    141
 25      102   93.5    102    134    167    312   1560   1480    592    416    204    146
 26     86.1    103    107    127    157    380   1420   1170   1270    423    202    154
 27     98.1   98.2   91.7    127    136    377   2300   1260   1210    417    211    164
 28     99.6   98.5   92.9    116    114    406   2590   1230   1070    364    212    158
 29    100.0          92.1    117    114    432   2330   1140   2640    348    213    144
 30      102          91.4    124    124    474   2370   1200   3330    377    209    131
 31     95.0          91.7          90.0          2250   1280           376           147

Min     83.6   82.8   91.4   99.7   90.0    103   90.1   96.8    102   95.8   90.1   84.8   82.8
Mean     315    306    259    284    291    538   1170   1010    851    448    296    241    501
Max     2340   1970   1790   2260   2490   5020   3250   2300   3330   1480   1180   1060   5020