Station number: 420
Location:       Kotagaon Shringe                                                  Latitude: 27 45 00
River:          Kali Gandaki                                                     Longitude: 84 20 50

Year:           2008

                                    Mean daily discharge in m3/s
                                    ============================

Day     Jan.   Feb.   Mar.   Apr.   May    Jun.   Jul.   Aug.   Sep.   Oct.   Nov.   Dec.   Year
 01      146    138    133    119    115    118    139    128    134    124    130    117
 02      123    121    111    101   92.5    118    100   97.6   95.3   95.4   99.4   89.7
 03     96.3   98.1   99.8   96.8    109    114    102    101    101    110    107    101
 04     77.9   78.9   76.4   83.6   90.4   90.6   94.5    112    101   94.1    102    107
 05      122    129    133    124    113    121    128    140    135    142    137    139
 06      153    156    144    143    146    152    172    222    263    330    369    352
 07      880   1090    988   1060    871    861    752    668    627    640    568    533
 08     1010    905    867    914   1070   1070   1510   2120   1500   1310   1130   1150
 09      971    844    767    729    678    635    569    575    549    502    502    513
 10      597    533    547    500    457    449    443    431    429    410    398    347
 11      264    233    232    201    233    250    246    244    243    232    222    222
 12      157    162    164    157    157    156    154    155    150    154    153    152
 13     97.1   87.2    106    127    138    448    703   1680    585    362    221    152
 14      129   91.4   98.2    131    124    382    770   2160    675    366    211    147
 15      131   89.6    104    123    128    990   1010   1940    553    337    191    149
 16     83.5   92.7   87.7    109    120    829    996   2150    538    339    196    143
 17      113   94.8    112   85.0    111    827    737   1870    552    320    207    143
 18      120    106    104   86.2    146    454    755   1510    601    329    189    133
 19      129    114    100   92.2    126    636    959   1690    606    314    203    131
 20      126    101   86.9   97.3    171    635   1240   3030   NA      294    199    129
 21      123    100    105    102    153    579   1760   2530   2670    289    191    127
 22      138   99.1   86.7    101    142    532   1440   2240   1430    253    188    134
 23      131   91.8   74.9    100    135    533   1240   2070   1070    263    164    129
 24      138   94.8   95.5   91.0    133    620   1060   1980    909    300    160    123
 25      129   94.2   87.2    111    134    769    989   1720    875    288    164    120
 26      110   93.8   95.5    102    141    654    839   1790    789    282    163    124
 27      108   97.7   92.5    102    164    612    842   1830    683    248    162    120
 28      128   94.9   86.1   99.1    160    830    997   1720    658    240    160    120
 29      119   93.0   74.1    121    156   1150    915   1640    638    306    165    121
 30      122          96.4    127    155   1140    796   1350    631    314    154    123
 31      125          87.6           156           916   1250           340           120

Min     77.9   78.9   74.1   83.6   90.4   90.6   94.5   97.6   95.3   94.1   99.4   89.7   74.1
Mean     222    211    195    205    220    558    754   1330   NA      320    240    204   NA  
Max     1010   1090    988   1060   1070   1150   1760   3030   2670   1310   1130   1150   3030
