Station number: 420
Location:       Kotagaon Shringe                                                  Latitude: 27 45 00
River:          Kali Gandaki                                                     Longitude: 84 20 50

Year:           2000

                                    Mean daily discharge in m3/s
                                    ============================

Day     Jan.   Feb.   Mar.   Apr.   May    Jun.   Jul.   Aug.   Sep.   Oct.   Nov.   Dec.   Year
 01      120   92.7   78.7   88.2    118    230   1110   2220   1780    517    250    158
 02      119   95.5   78.7   91.5    113    216   1060   1860   1860    498    250    154
 03      118   94.8   79.3   92.7    111    205   1170   1630   1500    487    251    152
 04      118   92.7   79.3   95.5    113    200   1120   1210   1330    479    242    149
 05      117   91.3   78.7   87.9    114    231   1130   1050   1200    464    244    149
 06      115   94.8   77.4   89.3    133    229   1180    883   1190    449    242    147
 07      115   97.0   76.1   85.3    220    279   2130    892   1190    417    237    145
 08      115   99.1   74.9   86.6    124   1850   2550   1040   1840    397    232    145
 09      114   96.2   73.7   86.6    111   2490   2220   3480   2570    390    228    143
 10      113   93.4   73.1   90.0    111   1140   1490   2290   2450    378    224    140
 11      110   91.3   73.7   87.9    114    686   1500   2170   2030    370    219    138
 12      106   92.7   72.5   78.0    130    540   1400   2300   1870    360    216    137
 13      107   99.1   74.3   81.3    138    476   1220   1540   1400    352    214    136
 14      112   96.2   73.7   86.0    141    451    980   1460   1190    340    212    135
 15      114   92.0   75.5    103    140    552   1310   1640   1240    335    204    134
 16      111   89.9   78.7    103    154    956   1170   1580   1080    324    199    133
 17      110   88.6   74.9   97.0    165   1130    968   1300   1000    319    196    133
 18      108   87.3   72.5    110    151    973   1080   1250   1300    315    196    131
 19      107   85.3   73.1    112    156    878    797   1220   1680    306    194    132
 20      106   84.6   73.7    114    173    768   1030   1200   1460    302    194    131
 21      105   83.3   73.1    109    181    690   1040   1090   1340    298    187    130
 22      103   82.0   71.9    107    245   1440   1490   NA     1180    295    184    129
 23      103   82.0   71.9    118    217   1760   1400   1290    948    294    179    128
 24      101   79.3   75.5    126    319   1260   NA     1400    888    292    175    128
 25      100   78.0   78.0    136    310    960   NA     1340    815    286    173    126
 26     99.8   78.0   78.0    130    288    795   NA     1420    806    284    172    126
 27     99.1   76.7   75.5    122    309    688   NA     1380    692    279    169    123
 28     99.1   76.7   74.9    130    315    653   NA     1600    653    270    165    122
 29     97.0   78.0   73.7    125    249    702   NA     2040    573    258    164    120
 30     96.2          73.7    113    244   1010   NA     2170    526    253    161    120
 31     94.8          76.8           252          NA     2020           251           118

Min     94.8   76.7   71.9   78.0    111    200    797    883    526    251    161    118   71.9
Mean     108   88.6   75.3    103    183    814   NA     NA     1320    350    206    135   NA  
Max      120   99.1   79.3    136    319   2490   2550   3480   2570    517    251    158   3480

