Station number: 420
Location:       Kotagaon Shringe                                                  Latitude: 27 45 00
River:          Kali Gandaki                                                     Longitude: 84 20 50

Year:           1996

                                    Mean daily discharge in m3/s
                                    ============================

Day     Jan.   Feb.   Mar.   Apr.   May    Jun.   Jul.   Aug.   Sep.   Oct.   Nov.   Dec.   Year
 01      107   93.4    103   76.6   95.8    147    850   1040   2140    580    302    165
 02      105   91.1   95.8   73.8    114    197    621   1070   1950    570    296    163
 03     97.3   91.1   94.2   70.5    113    177    514   1180   2020    564    294    161
 04     92.7   88.9   99.6   70.5    119    159    448   1040   1760    519    281    156
 05      103   86.7   98.1   69.9    123    139    463   1040   1760   1110    276    154
 06      102   85.2   97.3   72.5    118    134    505    924   1770   1230    272    151
 07      102   83.1   95.8   73.8    116    124    512    870   1510   1210    269    151
 08      107   81.6   93.4   75.2    132    117    519   1090   1420   1080    263    149
 09     98.1   81.6   94.2   73.8    134    119    537   1940   1350    900    259    149
 10     97.3    109   92.7   70.5    122    119    631   1550   1140    853    255    145
 11     99.6    149   94.2   70.5    120    137   1170   1530   1070    590    253    145
 12     98.1    194   95.8   68.6    108    247   2300   1420    998    516    248    142
 13     95.8    148    104   69.9   92.7    228   1430   2120    967    488    243    141
 14     94.2    127    114   68.6   83.1    253   3130   2320    948    467    238    140
 15     93.4    116    109   65.3   87.4    272   5340   2330    918    459    235    138
 16      141    113    100   65.9   91.2    217   1900   2300    875    438    229    136
 17      160    108   97.3   96.5    109    268   1570   2190    792    850    223    133
 18      130    103   90.4   76.6    133    395   1590   3440    743    828    219    132
 19      121   98.8    103   78.0    114    380   3470   3800    699    806    217    130
 20      113   99.6   83.1   77.3    106    357   4030   3610    708    778    222    128
 21      113   98.1   79.4   80.9    107    375   1890   2280    625    773    210    124
 22      113   95.0   75.1   80.9   85.2    431   1620   2330    580    757    204    122
 23      111   91.9   75.1   83.1   85.2    440   1420   2220    602    712    199    119
 24      109   91.1   75.9   83.8   84.5    555   1650   1890    594    655    192    119
 25      106   88.9   73.8   83.8   95.8    677   1310   1470    588    531    183    119
 26      104    108   74.4   86.7    126    677   1200   1220    582    424    179    119
 27      102    108   76.6    100    124    679   1050   1250    580    367    176    119
 28     98.8    149   80.2   94.2    163    732    936   1060    580    341    174    117
 29     96.5    121   76.6   98.8    162    699    903   1020    574    325    172    114
 30     95.0          84.5    104    169    738    898   1040    572    316    167    114
 31     93.4          83.8           179          1000   1460           308           112

Min     92.7   81.6   73.8   65.3   83.1    117    448    870    572    308    167    112   65.3
Mean     106    107   90.7   78.7    117    340   1460   1740   1050    656    232    136    510
Max      160    194    114    104    179    738   5340   3800   2140   1230    302    165   5340

