Station number: 420
Location:       Kotagaon Shringe                                                  Latitude: 27 45 00
River:          Kali Gandaki                                                     Longitude: 84 20 50

Year:           1997

                                    Mean daily discharge in m3/s
                                    ============================

Day     Jan.   Feb.   Mar.   Apr.   May    Jun.   Jul.   Aug.   Sep.   Oct.   Nov.   Dec.   Year
 01      109   89.6   71.2   73.8    135    128    710   1400    651    443    234    166
 02      107   88.2   70.5   68.6    133    124    599   1300    714    449    230    182
 03      105   87.4   81.6   69.2    132    129    782   1100    669    390    228    172
 04      109   86.7   73.8   71.8    143    132    773    991    623    388    225    166
 05      109   88.9   71.8   77.3    107    127   1020   1120    598    361    221    164
 06      108   86.7   70.5   72.5    118    129   1410   1020    691    346    215    160
 07      104   85.2   71.2   69.9    112    143   1320    966    661    334    213    155
 08      103   83.8   69.9   64.0    108    139   1720   1060    617    328    212    155
 09      102   83.1   70.5   66.6    114    170   1440    959    614    315    209    172
 10      100   81.6   70.5   77.3    120    183   1990   1070    571    313    206    261
 11     98.8   80.9   71.8   78.7    108    197   2050   1510    592    300    205    458
 12     97.3   79.4   73.1   78.7    113    241   2750   1770    671    297    202    302
 13     97.3   78.0   73.8   71.2    100    222   1790   2940    794    292    197    289
 14     96.5   76.6   69.9   78.7   98.1    212   2000   2410    813    286    193    328
 15     95.0   76.6   71.2   92.1   97.3    194   2000   1690    692    284    193    268
 16     92.7   76.6   68.6    104   97.3    191   1870   1510    715    280    190    230
 17     91.1   73.8   67.9   99.6   94.2    272   1430   1440    692    272    187    216
 18     91.1   72.5   66.6   95.8   83.1    302   1410   1760    651    266    184    210
 19     91.1   69.9   66.6   85.7   83.8    331   1310   2030    635    260    183    199
 20     93.4   68.6   66.6   69.2   92.0    396   1360   1510    614    256    187    190
 21      117   68.6   65.9   69.9    104    268   2650   1220    600    254    185    188
 22      126   69.2   65.9   71.2    119    268   1960   1050    596    250    180    187
 23      106   69.2   64.6   76.6    109    592   1780   1020    594    246    176    185
 24      101   72.5   63.3   80.9    116    708   1480    855    542    243    171    182
 25     97.3   71.2   62.0   86.0    118    453   1430    778    487    330    168    178
 26     98.8   71.8   60.8    100    126    482   1220    726    470    294    168    174
 27     98.1   73.1   59.6    110    110    538   1110    734    466    281    177    170
 28     97.3   72.5   60.8    108    108    524   1360    667    452    254    170    165
 29     95.0          60.8    103    141    398   1190    649    433    246    169    161
 30     93.4          63.3    121    158    524   1140    643    453    243    166    158
 31     91.1          71.2           160          1170    702           241           156

Min     91.1   68.6   59.6   64.0   83.1    124    599    643    433    241    166    155   59.6
Mean     101   77.9   68.3   83.1    115    291   1490   1240    612    301    195    205    399
Max      126   89.6   81.6    121    160    708   2750   2940    813    449    234    458   2940

