Station number: 420
Location:       Kotagaon Shringe                                                  Latitude: 27 45 00
River:          Kali Gandaki                                                     Longitude: 84 20 50

Year:           1998

                                    Mean daily discharge in m3/s
                                    ============================

Day     Jan.   Feb.   Mar.   Apr.   May    Jun.   Jul.   Aug.   Sep.   Oct.   Nov.   Dec.   Year
 01      155    109   99.5    116    156    209   1140   1180   3320    673    298    184
 02      152    108   98.1    109    169    215   1180   1160   2850    685    295    182
 03      149    111   97.4    109    186    224   1190   2430   2650    683    291    179
 04      146    112   95.3    106    223    225   1080   3090   2260    655    285    177
 05      145    110   96.0    106    260    229   1760   2200   2060    630    281    176
 06      144    107    100    104    235    201   1880   2120   2410    552    280    174
 07      142    106    106    102    251    210   1730   1970   2160    540    278    172
 08      141    106    108    113    219    216   5730   1660   1630    508    262    169
 09      140    105   98.8    123    192    220   4610   1660   1350    510    253    167
 10      137    103    100    116    181    235   2760   1740   1190    467    254    164
 11      135    102   97.4    106    181    201   1840   2130   1070    464    243    160
 12      131    102   95.3    106    150    232   1690   2230    990    460    236    157
 13      129    102   94.0    106    140    223   1640   3280    895    428    234    155
 14      129    102   95.3    105    143    250   1750   4450    855    417    233    154
 15      128    101    104    104    187    226   1310   3850    804    405    233    151
 16      127   98.8   95.3    104    186    275   1360   2960    764    394    229    152
 17      126   97.4   92.6    104    182    228   1430   2400    944    383    228    150
 18      123   96.0   91.2    104    191    213   1760   3140    718    409    223    148
 19      119   96.7   92.6    107    208    261   2330   4180    707    456    222    145
 20      117    102    107    124    196    818   2180   2450    666    402    228    143
 21      116   98.1    104    129    191    938   2560   3820    681    376    225    142
 22      116   96.0    104    132    216    821   1760   3650    696    370    216    140
 23      116   94.6   96.0    154    230    637   1800   3000    621    360    205    138
 24      114   92.6   98.8    158    243    656   1750   2900    619    349    203    136
 25      113    101   96.0    159    265    706   1850   2760    592    341    202    134
 26      112    106   96.0    150    250    832   1790   2680    594    334    198    133
 27      111   97.4   94.6    171    246   1740   1420   4040    535    325    195    132
 28      111    101   91.9    165    249   1550   1700   2820    597    318    190    132
 29      111          91.9    167    251   1680   1440   2580    638    310    189    132
 30      110          94.6    166    253   1370   1320   2930    636    309    187    130
 31      110           116           226          1190   2700           302           130

Min      110   92.6   91.2    102    140    201   1080   1160    535    302    187    130   91.2
Mean     128    102   98.3    124    208    535   1900   2710   1220    446    236    153    655
Max      155    112    116    171    265   1740   5730   4450   3320    685    298    184   5730

