Station number: 420
Location:       Kotagaon Shringe                                                  Latitude: 27 45 00
River:          Kali Gandaki                                                     Longitude: 84 20 50

Year:           1999

                                    Mean daily discharge in m3/s
                                    ============================

Day     Jan.   Feb.   Mar.   Apr.   May    Jun.   Jul.   Aug.   Sep.   Oct.   Nov.   Dec.   Year
 01      128    103   83.1   82.4    116   NA      730   2080   2270    823    319    173
 02      128    102   82.3   86.7    120   NA      878   1820   1760   1040    308    171
 03      128    102   82.3   85.2    114   NA      888   1780   1800    931    304    169
 04      127    101   81.6   84.5    124   NA     1510   1700   1620    883    306    167
 05      126    109   83.8   83.1    120   NA     1140    857   1320    798    285    165
 06      125   98.8   82.3   80.9    115   NA      886    838   1200    799    264    161
 07      126   97.3   80.9   79.4    128   NA     1120    799   1110    815    258    156
 08      124   96.5   80.2   79.4    130   NA     1130    806   1120    811    250    154
 09      122   95.8   80.9   82.4    133   NA     1050    839   1690    793    244    152
 10      124   95.8   81.6   92.7    120   NA     2370    836   1740    659    236    151
 11      129   94.2   80.2   86.0    125   NA     2230    820   1330    635    234    149
 12      127   94.2   78.7   85.2    158   NA     1040    848   1340    565    231    145
 13      121   92.7   78.0   99.6    120   NA     1380   2140   1040    533    229    143
 14      119   91.9   76.6    109    113   2040   1040   2580   1000    510    222    142
 15      115   91.1   75.1    118    131   1140    939   2210    983    503    219    140
 16      115   89.6   75.9    100    140    543    772   1700    926    473    219    138
 17      114   90.4   77.3   88.2    121    522    433   1350    924    425    226    136
 18      112   89.6   78.0   85.2    130    544   1220   1320    883    405    213    134
 19      112   88.2   77.3   81.6    123    504   1230   1400    776    399    210    133
 20      110   86.7   75.1   77.3    120    494   1340   1310    783    408    208    131
 21      108   87.4   78.1   83.8    122    523   1460   1380    797    403    206    130
 22      110   86.7   78.0   87.4    167    543   1120   1690    793    388    201    129
 23      108   85.2   75.1   88.2    167    553   1140   2390    782    361    195    126
 24      106   88.2   73.8   95.0    179    640   1060   3560    731    349    193    125
 25      106   87.4   72.5    127    205   1130   1240   2990    701    332    190    125
 26      104   86.7   73.8    121    171    923   1390   4080    691    318    185    126
 27      103   86.0   73.8    120    258    866   1680   4290    691    324    179    126
 28      103   85.2   70.5    117   NA      812   1930   2340    907    321    179    125
 29      113          68.6    109   NA      673   1650   2050    929    315    176    124
 30      113          67.2    119   NA      673   1530   2060   1110    311    174    122
 31      123          78.0          NA            2420   2050           321           122

Min      103   85.2   67.2   77.3    113    494    433    799    691    311    174    122   67.2
Mean     117   92.9   77.4   94.5   NA     NA     1290   1840   1120    547    229    142   NA  
Max      129    109   83.8    127    258   2040   2420   4290   2270   1040    319    173   4290

