Station number: 420
Location:       Kotagaon Shringe                                                  Latitude: 27 45 00
River:          Kali Gandaki                                                     Longitude: 84 20 50

Year:           1981

                                    Mean daily discharge in m3/s
                                    ============================

Day     Jan.   Feb.   Mar.   Apr.   May    Jun.   Jul.   Aug.   Sep.   Oct.   Nov.   Dec.   Year
 01     91.8   85.1   66.3   76.4    180    138    733   3500    932   1250    281    180
 02     91.8   84.0   70.2   62.4    105    143    725   2430    954    923    276    176
 03     91.8   81.7   66.3   75.4    144    168    697   1990    798    749    271    176
 04     91.8   80.6   65.3   72.3    150    176   1200   1570    765    701    289    174
 05     90.7   79.6   65.3   72.3    136    200   1100   1300    757    655    323    172
 06     90.7   79.6   64.4   70.2    126    159   1060   1220    749    584    281    168
 07     90.7   79.6   66.3   67.3    136    139    733   1120    749    554    269    164
 08     91.8   78.5   68.3   80.6    161    126    848   1020   1020    540    264    166
 09     90.7   76.4   67.3   77.5    150    139    701   1160   1050    527    262    164
 10     89.6   75.4   64.4   78.5    124    118    562    954   1500    493    257    161
 11     88.4   74.4   64.4   73.3    126    150    554    866   2970    471    252    161
 12     87.3   74.4   63.4   81.7    122    150    709    840   1420    443    243    157
 13     86.2   73.3   65.3   86.2    129    155    733   1230   1080    427    236    155
 14     88.4   74.4   65.3   94.2    110    172    733   1160    927    412    234    153
 15     88.4   74.4   64.4   90.7    153    172    910   1240    848    401    234    151
 16     86.2   72.3   62.4    102    139    184   1130    968   1010    392    227    150
 17     85.1   72.3   64.4    116    180    212   1210    827    782    383    221    148
 18     84.0   70.2   63.4    126    141    202   1200    823    733    377    216    146
 19     84.0   70.2   68.3    116    150    180   1520   1000    733    366    212    146
 20     82.8   70.2   68.3    105    143    176   1160   2210    693    357    208    143
 21     82.8   72.3   71.2   89.6    155    257    973   1980    663    355    208    143
 22     81.7   70.2   74.4   91.8    146    271    923   1960    612    344    204    141
 23     81.7   69.2   88.4    102    139    250    848   1470    550    344    200    139
 24     82.8   68.3   61.5    104    119    336    840   1800    537    330    196    138
 25     87.3   69.2   67.3    110    113    299    866   1510    506    328    196    136
 26     99.1   69.2   65.3    104    104    297    733   1490    487    323    192    136
 27     93.0   67.3   64.4   99.1    112    372   1780   1240    474    317    192    133
 28     88.4   66.3   64.4   97.9    190    493   2680   1080    477    304    190    133
 29     86.2          64.4    131    184    633   1420    892   4180    297    184    133
 30     85.1          63.4    239    139   1100   1560    848   1990    291    182    133
 31     85.1          77.5           122          3840    968           286           131

Min     81.7   66.3   61.5   62.4    104    118    554    823    474    286    182    131   61.5
Mean    87.9   74.2   67.0   96.4    140    252   1120   1380   1030    469    233    152    425
Max     99.1   85.1   88.4    239    190   1100   3840   3500   4180   1250    323    180   4180

