Station number: 420
Location:       Kotagaon Shringe                                                  Latitude: 27 45 00
River:          Kali Gandaki                                                     Longitude: 84 20 50

Year:           1995

                                    Mean daily discharge in m3/s
                                    ============================

Day     Jan.   Feb.   Mar.   Apr.   May    Jun.   Jul.   Aug.   Sep.   Oct.   Nov.   Dec.   Year
 01      108   82.0   82.0   94.0    158    220   1910   1540   2070    507    252    182
 02      106   82.0   78.5   86.0    142    242   2280   2040   1870    499    244    180
 03      106   82.0   74.0   75.5    132    245   2340   1750   1220    515    241    173
 04      104   80.0   74.0   74.0    122    263   1230   1810   1230    535    236    173
 05      102   78.5   74.0   72.5    110    265   1250   1630   1390    499    233    168
 06      100   80.0   72.5   69.5    102    310   2350   1600   1540    437    230    168
 07      100   80.0   69.5   66.5   98.0    405   2360   1420   1620    433    225    168
 08      102   78.5   69.5   63.7    114    548   2750   1610   1720    400    222    166
 09      104   77.0   68.0   63.7    132    352   2480   1460   1420    389    220    164
 10      100   80.0   68.0   66.5    134    523   2370   1610   1080    410    228    160
 11      100   80.0   66.5   90.0    148    664   5810   1390   1190    425    736    155
 12      114   80.0   65.0   94.0    158    761   5240   1270   1060    403    519    168
 13      112   80.0   63.7   88.0    178    702   3150   1660    761    382    331    162
 14      108   78.5   63.7   71.0    250    741   2380   2350    736    378    290    151
 15      104   78.5   62.4   74.0    200    540   1960   1960    717    358    272    140
 16      102   84.0   62.4   72.5    212    515   1620   1830    746    351    258    138
 17      102   92.0   61.1   72.5    292    499   1850   2020    746    344    252    138
 18      102   84.0   63.7   71.0    300    565   2180   2040    727    341    247    136
 19      102   82.0   63.7   84.0    285    727   2200   1840    766    334    233    134
 20     98.0   78.5   63.7   84.0    280   1080   2120   2110    756    312    228    132
 21     98.0   77.0   66.5   82.0    263    866   1780   2330    722    306    222    130
 22     98.0   74.0   65.0   80.0    230   1060   1600   1530    664    296    217    130
 23     94.0   78.5   68.0   80.0    218   1130   1500   1440    600    284    217    128
 24     92.0   96.0   69.5    108    202   2170   1450   1580    548    278    212    126
 25     90.0   96.0   74.0    100    182   2660   1210   1430    609    281    207    126
 26     90.0   82.0   90.0    100    168   1460   1030   1380    587    281    202    124
 27     88.0   75.5   98.0    112    166   1220    994   1370    570    278    197    121
 28     88.0   77.0    168    126    215   1290   1300   1420    548    275    192    119
 29     88.0           132    134    247   1490   1060   1560    527    266    187    117
 30     86.0           120    134    220   1610   1090   1870    507    261    185    117
 31     82.0          90.0           218          1050   1820           258           115

Min     82.0   74.0   61.1   63.7   98.0    220    994   1270    507    258    185    115   61.1
Mean    99.0   81.2   77.6   86.3    190    837   2060   1700    975    365    258    145    573
Max      114   96.0    168    134    300   2660   5810   2350   2070    535    736    182   5810

