Station number: 420
Location:       Kotagaon Shringe                                                  Latitude: 27 45 00
River:          Kali Gandaki                                                     Longitude: 84 20 50

Year:           1984

                                    Mean daily discharge in m3/s
                                    ============================

Day     Jan.   Feb.   Mar.   Apr.   May    Jun.   Jul.   Aug.   Sep.   Oct.   Nov.   Dec.   Year
 01      110   74.7   59.3   66.1   78.6    178    596   2020   1240    455    196    153
 02      110   75.9   59.3   68.6   74.7    188    633   1670   1120    437    196    151
 03      107   74.7   58.2   63.7   63.7    192    561   1350   1000    421    194    153
 04      106   73.5   58.2   58.2   68.6    210    875   1110   1050    412    194    151
 05      104   72.2   63.7   54.8   66.1    255   1050    963   1150    406    192    150
 06      101   69.8   61.5   50.6   90.7    289   1570    892   1190    395    192    150
 07     98.1   68.6   60.4   48.6   95.1    276   1520    840   2950    383    190    148
 08     98.1   68.6   61.5   48.6    112    267   2080   1070   3810    372    188    143
 09     95.1   68.6   61.5   46.5    107    310   2450    857   2720    366    188    143
 10     95.1   69.8   61.5   46.5    109    307   1640    794   1880    349    186    141
 11     92.2   69.8   59.3   46.5    101    276   1700    749   1500    333    184    139
 12     98.1   68.6   59.3   49.6   81.2    302   1410    701   1410    317    182    138
 13     89.2   68.6   57.0   46.5   90.7    527   1100    685   1300    304    180    144
 14     89.2   66.1   57.0   46.5   98.1    325    963    678   1150    297    180    143
 15     87.9   64.9   57.0   47.6    106    281    840    554   1020    320    182    141
 16     86.5   64.9   54.8   51.6    107    346    857    709    973    341    180    138
 17     96.6   63.7   57.0   53.7   99.6    443    866    520    945    304    178    133
 18      107   63.7   59.3   53.7    121    468    963    773    991    299    176    134
 19     95.1   62.6   60.4   52.6    107    483    892    741   1250    284    174    133
 20     92.2   63.7   57.0   54.8   98.1    360    818    725   1170    274    178    131
 21     90.7   68.6   54.8   51.6    119    357    693    685    954    267    176    129
 22     89.2   68.6   53.7   52.6    122    527   1220   1140    840    257    170    129
 23     87.9   63.7   59.3   50.6    122    455   1810    701    749    250    166    124
 24     86.5   62.6   57.0   50.6    112    437   2240    823    701    252    164    122
 25     85.2   61.5   57.0   54.8    146    395   2120    870    625    241    161    121
 26     83.9   60.4   59.3   54.8    146    455   1850   1130    582    243    161    119
 27     81.2   59.3   66.1   52.6    168    412   2150   1490    547    234    157    116
 28     79.9   59.3   63.7   77.2    136    389   2400   1390    520    225    159    115
 29     78.6   59.3   57.0   61.5    230    369   2260   1350    496    214    159    113
 30     75.9          59.3   82.6    250    510   3030   1450    477    206    157    113
 31     75.9          62.6           176          2270   1290           198           112

Min     75.9   59.3   53.7   46.5   63.7    178    561    520    477    198    157    112   46.5
Mean    92.7   66.8   59.1   54.8    116    353   1470    991   1210    311    178    135    419
Max      110   75.9   66.1   82.6    250    527   3030   2020   3810    455    196    153   3810

