Station number: 420
Location:       Kotagaon Shringe                                                  Latitude: 27 45 00
River:          Kali Gandaki                                                     Longitude: 84 20 50

Year:           1994

                                    Mean daily discharge in m3/s
                                    ============================

Day     Jan.   Feb.   Mar.   Apr.   May    Jun.   Jul.   Aug.   Sep.   Oct.   Nov.   Dec.   Year
 01      113   91.7   73.0   82.0   60.4    347    678   1490   1090    466    257    160
 02      111   88.5   71.6   74.5   60.4    215    636    824    994    466    247    158
 03      111   86.8   71.6   67.2   64.3    204    751    824    931    447    245    156
 04      109   85.2   71.6   63.0   67.2    207    782    813    915    420    242    154
 05      109   83.6   71.6   61.7   64.3    236    712    824    824    395    240    154
 06      108   83.6   71.6   65.8   68.6    197    623    983    746    382    237    152
 07      108   80.4   71.6   71.6   73.0    194    632   1020    702    380    232    152
 08      109   78.8   68.6   67.2   80.4    192    587    943    655    367    228    150
 09      108   86.8   68.6   65.8   90.1    315    519   1170    632    362    225    150
 10      106    113   67.2   63.0   98.5    296    766   1490    893    360    222    148
 11      106    111   65.8   59.1    108    364   1020   1500    931    357    222    146
 12      104    102   65.8   55.2   96.7    296   1270   1490    803    342    220    144
 13      104   94.9   65.8   53.9   85.2    293    937   1310   1060    340    218    142
 14      102   85.2   68.6   53.9   78.8    344    898   1210   1060    338    212    140
 15      111   82.0   68.6   51.3   98.5    396    926   1790   1180    320    207    138
 16      117   82.0   68.6   52.6   88.5    444    693   1560   1200    322    202    134
 17      122   80.4   71.6   49.0   83.6    441    641   1290    871    325    200    130
 18      121   78.8   67.2   49.0   82.0    495    618   1210    787    320    195    126
 19      111   77.4   65.8   49.0   86.8    678    693   1230   1200    310    190    128
 20      108   75.9   77.4   49.0   83.6    483    678   1250   1690    307    185    126
 21      104   74.5   75.9   51.3   80.4    609    732    954   1370    300    185    124
 22      104   74.5   71.6   55.2    121    503    904   1170    834    290    180    120
 23      102   85.2   67.2   59.1    130    803    977   1270    707    285    176    118
 24      100   78.8   64.3   61.7    185    888   1140   1380    674    283    174    116
 25     98.5   78.8   61.7   61.7    199    797   1060   2150    618    280    172    116
 26     96.7   75.9   61.7   61.7    212    850   1160   2260    574    275    168    114
 27     94.9   73.0   65.8   59.1    187    948   1920   1980    527    272    166    112
 28      109   71.6   64.3   59.1    197    727   1440   1500    511    270    164    112
 29      108          60.4   57.8    199    707   1510   1180    495    280    166    110
 30      100          60.4   59.1    192    712   1540   1160    477    270    164    108
 31     85.2          61.7           230          1560   1250           270           108

Min     85.2   71.6   60.4   49.0   60.4    192    519    813    477    270    164    108   49.0
Mean     106   84.3   68.0   59.7    115    473    936   1310    865    336    205    134    390
Max      122    113   77.4   82.0    230    948   1920   2260   1690    466    257    160   2260

