Station number: 420
Location:       Kotagaon Shringe                                                  Latitude: 27 45 00
River:          Kali Gandaki                                                     Longitude: 84 20 50

Year:           1970

                                    Mean daily discharge in m3/s
                                    ============================

Day     Jan.   Feb.   Mar.   Apr.   May    Jun.   Jul.   Aug.   Sep.   Oct.   Nov.   Dec.   Year
 01      104   89.0   72.9   65.6    114   81.9    733   2930    973    628    255    145
 02      102   87.5   75.5   62.1    111    104    766   2580    868    607    252    143
 03      101   84.7   69.1   59.7    108    206    785   2320    794    579    247    143
 04      101   83.3   67.9   57.4    102    276    679   2510    804    532    245    141
 05      101   81.9   66.8   57.4   99.0    266    636   1850    761    528    240    140
 06     99.0   80.6   66.8   57.4    108    220    636   2010    697    502    235    138
 07     96.0   80.6   66.8   57.4    128    138    697   2830    662    502    231    134
 08     96.0   79.3   65.6   59.7    108    119    688   2820    644    524    229    134
 09     94.6   78.1   64.4   62.1    102    125    666   2160    615    498    224    134
 10     93.2   78.1   63.3   62.1   93.2    156    848   1930    603    442    215    133
 11     93.2   76.8   62.1   62.1   97.5    158    878   1940    644    425    215    133
 12     93.2   75.5   63.3   60.9    105    138   1020   1770    644    405    209    131
 13     93.2   74.2   66.8   62.1    105    211   3920   1970    679    392    206    131
 14     93.2   72.9   64.4   71.7    104    198   3640   1820    858    383    202    131
 15     93.2   70.4   63.3   72.9    131    258   1670   1420    794    374    202    128
 16     91.8   69.1   63.3   76.8    136    300   1450   1240    697    374    198    126
 17     90.4   69.1   63.3    101    154   1470   1290   1420    697    355    196    126
 18     89.0   69.1   62.1   94.6    164   4180   1230   1290    653    340    194    124
 19     87.5   69.1   62.1   87.5    135   1110    995   1110    780    332    187    123
 20     87.5   76.8   60.9   84.7    111    710   1720   1090    794    326    181    122
 21     93.2   84.7   60.9   81.9    136    710   3030   1030    738    320    177    119
 22      101   78.1   60.9   74.2    136    752   2240    909    761    315    173    119
 23      102   79.3   63.3   70.4    118   1010   1590    848    780    309    170    117
 24     94.6   76.8   62.2   84.7    108    853   1450    688   1230    306    170    116
 25     91.8   74.2   60.9   93.2    102    666   1710   1070   1130    282    168    114
 26     91.8   76.8   60.9    118    142    603   1870   1820   1190    285    164    113
 27     96.0   74.2   59.7    138    106    666   2890   1360    858    288    154    111
 28     97.5   71.7   69.1    160    101    692   2190   1570    853    282    151    111
 29     93.2          70.4    142    106    771   1750   1410    757    280    149    108
 30     90.4          67.9    131   84.7   1140   2030   1200    679    275    147    108
 31     89.0          66.8          80.6          2840   1060           264           107

Min     87.5   69.1   59.7   57.4   80.6   81.9    636    688    603    264    147    107   57.4
Mean    94.9   77.2   65.0   82.3    114    610   1570   1680    788    395    200    126    483
Max      104   89.0   75.5    160    164   4180   3920   2930   1230    628    255    145   4180

