Station number: 420
Location:       Kotagaon Shringe                                                  Latitude: 27 45 00
River:          Kali Gandaki                                                     Longitude: 84 20 50

Year:           1978

                                    Mean daily discharge in m3/s
                                    ============================

Day     Jan.   Feb.   Mar.   Apr.   May    Jun.   Jul.   Aug.   Sep.   Oct.   Nov.   Dec.   Year
 01      153    114    108    102    156    369   1140   1880    711    716    279    179
 02      149    113    108   99.0    179    378   1070   3620    742    656    274    185
 03      149    111    110   96.0    269    346   1070   2190    682    580    274    189
 04      145    110    108   96.0    222    328    952   2160    787    550    269    187
 05      145    108    106    101    227    305    892   2240    746    604    266    181
 06      143    108    105   97.5    204    351   2030   1970    707    561    263    177
 07      142    106    104   99.0    211    404   2340   1640    778    524    263    172
 08      140    113    101    102    211    724   2490   2030    733    509    258    170
 09      138    121   99.0    104    253   1020   2790   2380    686    480    256    168
 10      138    116   97.5    113    211    882   2090   2060    773    473    253    166
 11      135    114    102    116    292    624   1520   1920    746    452    248    164
 12      133    113    108    123    229    477   1320   1960    690    439    248    164
 13      133    111    121    136    213    439   1240   1880    882    426    243    162
 14      131    110    116    153    236    584   1080   1560   1490    407    239    160
 15      131    110    108    151    382    592    962   1350   1370    394    234    160
 16      130    108    106    158    314    524   1400   1160   1060    382    229    156
 17      128    106    108    168    343    509   2870   1050    853    375    229    154
 18      126    121    114    198    305    527   1960   1420    824    369    222    153
 19      125    142    123    206    274   1790   1550   1310    896    357    215    149
 20      123    126    128    160    261   1100   1570   1120   1070    354    211    147
 21      121    119    114    147    236    792   1670   1080    834    340    206    145
 22      121    114    111    140    340    843   1570   2040    778    334    206    145
 23      131    113    108    128    334    993   1420   1200    806    328    206    143
 24      128    111    106    128    261   1050   1120   1100    707    322    206    138
 25      125    111    104    133    263    962   1090   1080    686    314    202    138
 26      123    110    102    140    258   1330   1100   1090    673    305    198    138
 27      121    108    102    153    274   1000    993    993    941    300    181    136
 28      119    108    101    136    274    843   1430    946    834    300    189    135
 29      118          99.0    153    284    824   1840    843    733    295    185    133
 30      118          99.0    156    248   1100   1970    773    682    289    181    131
 31      116           105           317          1610    742           284           130

Min      116    106   97.5   96.0    156    305    892    742    673    284    181    130   96.0
Mean     132    113    107    133    261    734   1550   1570    830    420    231    157    520
Max      153    142    128    206    382   1790   2870   3620   1490    716    279    189   3620

