Station number: 420
Location:       Kotagaon Shringe                                                  Latitude: 27 45 00
River:          Kali Gandaki                                                     Longitude: 84 20 50

Year:           1986

                                    Mean daily discharge in m3/s
                                    ============================

Day     Jan.   Feb.   Mar.   Apr.   May    Jun.   Jul.   Aug.   Sep.   Oct.   Nov.   Dec.   Year
 01     NA     NA     90.3   83.8    103    112   2730   1800    764    968    326    220
 02     NA     NA     90.4   81.3   99.3    107   1330   1550    934    878    322    214
 03     NA     NA     91.1   80.1    105    104    957   1570    976    799    320    212
 04     NA     NA     95.8   80.1    115    102    794   1430    933    735    318    210
 05     NA     NA     98.6   85.8    123    108    834   1110   1060    688    312    208
 06     NA     NA     97.9   81.9    118    107    883   1070   1590    670    302    205
 07     NA     NA     96.4   80.7    106    114    785    976   1230    647    298    205
 08     NA     NA     93.7   79.5    104    141    879    894   1160    611    294    203
 09     NA     NA     95.7   80.7    106    146    945    836   1190    591    292    204
 10     NA     NA     95.0   79.5    116    157    929    766   1290    571    289    200
 11     NA     NA     95.0   87.1    124    157   1100    793   1590    568    288    196
 12     NA      126   94.8   95.2    129    193    768    866   2560    563    281    190
 13     NA      117   94.5    128    133    280    729    858   3950    575    277    189
 14     NA      112   94.4    106    144    289   1040    726   4530    559    272    183
 15     NA      113   87.8    123    146    284   1020    688   4140    544    267    202
 16     NA      118   91.7    113    177    300    968    701   3100    498    267    199
 17     NA      113   97.9    109    164    331   1530    854   1950    487    265    190
 18     NA      109   91.1    113    180    432   1660    973   1590    456    257    191
 19     NA      107   89.8   97.1    150    669   1410   1020   1350    445    253    240
 20     NA      107   89.1   96.5    127    832   1190   1090   1180    421    250    212
 21     NA      105   86.4   97.1    130    612   2040    955   1110    410    250    196
 22     NA      105   87.1    110    116    598   1460    914   1100    399    248    187
 23     NA      104   84.4    108    109    601   1190    906   1010    389    244    184
 24     NA      101   82.5    117    105   1240   1090    952    990    378    241    182
 25     NA     97.9   80.7    125   97.9   1190   1810    912    904    370    234    179
 26     NA     94.6   79.5    117   95.7    864   3230    898    868    361    232    176
 27     NA     93.7   78.3    110    100   1340   2940    947    917    354    226    174
 28     NA     93.1   78.3    102    110   1250   2220   1010    836    349    224    172
 29     NA            82.1    104    118   2020   1490    980   1020    346    221    171
 30     NA            85.8    117    112   2720   1230    856    917    338    217    168
 31     NA            86.4           112          1560    769           332           166

Min     NA     NA     78.3   79.5   95.7    102    729    688    764    332    217    166   NA  
Mean    NA     NA     89.8   99.6    122    580   1380    989   1560    526    270    194   NA  
Max     NA     NA     98.6    128    180   2720   3230   1800   4530    968    326    240   NA  

