Station number: 420
Location:       Kotagaon Shringe                                                  Latitude: 27 45 00
River:          Kali Gandaki                                                     Longitude: 84 20 50

Year:           1980

                                    Mean daily discharge in m3/s
                                    ============================

Day     Jan.   Feb.   Mar.   Apr.   May    Jun.   Jul.   Aug.   Sep.   Oct.   Nov.   Dec.   Year
 01      128   72.9   79.3   71.7   90.4    154    572   2100   1630    554    230    141
 02      118   72.9   90.4   69.1   93.2    154    872   2190   1870    530    227    138
 03      114   74.2   87.5   67.9    105    147    829   2020   1450    500    225    136
 04      111   81.9   81.9   69.1    113    156    616   2240   1220    465    221    133
 05      111   81.9   79.3   67.9    128    179    546   1790   1820    449    219    133
 06      108   83.3   81.9   66.8    136    170    624   1830   5680    487    216    129
 07      108   79.3   84.7   66.8    138    179    742   1740   3450    430    212    127
 08      105   79.3   90.4   72.9    138    289    584   2220   2030    412    208    124
 09      105   78.1   81.9   75.5    135    686   1010   1870   1570    395    206    122
 10      104   78.1   79.3   76.8    130   1390   1770   1690   1440    386    204    122
 11      102   78.1   79.3   75.5    125    429   2020   1570   1240    372    200    119
 12      101   78.1   76.8   74.2    136    490   2420   1540   1140    366    194    119
 13     99.0   78.1   74.2   74.2    119    282   2710   1480   1180    357    192    119
 14     96.0   80.6   71.7   74.2    105    382   2350   1240   1020    346    192    114
 15     96.0   83.3   70.4   74.2    125    360   1180   1320    963    333    188    113
 16     93.2   83.3   69.1   74.2    113    357   1540   1190    823    323    184    113
 17     91.8   84.7   69.1   74.2    114    337   2090   1070    823    291    180    112
 18     90.4   81.9   69.1   70.4    154    322   1450   1040    790    291    178    110
 19     89.0   81.9   66.8   67.9    125    348   1200    921    798    286    178    110
 20     87.5   81.9   66.8   80.6    147    343   1340    896    733    286    170    109
 21     84.7   79.3   66.8   90.4    189    407   1670   1020   1370    286    168    107
 22     83.3   79.3   67.9    102    149    423   1600   1150   1010    281    166    107
 23     81.9   79.3   72.9    110    138    446   1360   1070    831    274    163    107
 24     81.9   79.3   74.2    110    133    501   1420   1020    733    267    161    104
 25     80.6   79.3   71.7    105    125    449   1290   1240    674    262    155    103
 26     79.3   76.8   69.1    104    151    512   1160   1280    659    257    151    102
 27     78.1   76.8   66.8    102    185    527   1230   1200    618    252    150   99.1
 28     76.8   76.8   66.8   94.6    149    592   1460   1020    579    248    150   96.7
 29     76.8   79.3   65.6   93.2    121    952   1470   1170    560    241    146   95.5
 30     75.5          66.8   93.2    123    484   1720    946    553    234    143   94.2
 31     74.2          71.7           123          2180    887           234          93.0

Min     74.2   72.9   65.6   66.8   90.4    147    546    887    553    234    143   93.0   65.6
Mean    94.5   79.3   74.5   81.6    131    415   1390   1420   1310    345    186    115    470
Max      128   84.7   90.4    110    189   1390   2710   2240   5680    554    230    141   5680

