Station number: 420
Location:       Kotagaon Shringe                                                  Latitude: 27 45 00
River:          Kali Gandaki                                                     Longitude: 84 20 50

Year:           1974

                                    Mean daily discharge in m3/s
                                    ============================

Day     Jan.   Feb.   Mar.   Apr.   May    Jun.   Jul.   Aug.   Sep.   Oct.   Nov.   Dec.   Year
 01      157    121   97.9    105    136    159    749   3520   1670    559    288    170
 02      157    119   99.1    110    141    168   1160   3620   1490    540    285    168
 03      159    118   97.9    116    144    168    968   3640   1370    520    277    166
 04      159    118    100    116    138    182    782   2750   1360    487    272    164
 05      159    116    102    112    155    180    554   3480   1180    466    267    160
 06      151    114    100    104    161    174    523   4510    979    459    264    158
 07      150    113   97.9    103    144    180    523   3420    858    619    260    156
 08      148    112   97.9   97.9    146    182    590   2830    818    532    255    154
 09      146    112   98.1   96.7    170    164    544   2440    848    487    252    154
 10      146    110   96.7   96.7    211    150    530   2430    823    484    249    154
 11      144    110   95.5   95.5    279    144    540   2240    935    421    245    153
 12      143    110   95.5   95.5    178    144    530   2090    909    408    242    151
 13      143    114   94.2   97.9    157    150    579   2040    873    405    235    151
 14      141    118   94.2    100    176    155    831   2090    799    402    226    147
 15      144    113   94.2    103    174    202    986   2080    775    405    222    147
 16      150    112   94.2    104    159    372    936   1750    863    408    215    145
 17      144    110   93.0    112    155    299    901   1280   1170    415    211    143
 18      141    110   91.8    119    153    323    927    920   1360    396    206    147
 19      139    109   91.8    127    176    315    888    941   1030    386    202    145
 20      138    107   91.8    129    159    328    818    925    843    380    200    145
 21      136    105   90.7    129    151    325    674    941    794    364    196    143
 22      134    105   90.7    136    159    323    883    935    761    352    194    140
 23      133    104   95.5    139    153    294   1360   1450    757    346    191    138
 24      131    103   96.7    133    153    274   1180    941    738    343    189    134
 25      129    102    103    129    151    279   1410   1380    692    364    187    131
 26      129    102    102    122    155    259   1470   1160    706    329    185    129
 27      127   99.1    103    119    124    267   1320   1170    688    320    181    129
 28      129   97.9    104    119    119    252   1220   1500    653    306    177    128
 29      133           103    124    114    338   2580   1520    611    301    175    126
 30      129           103    136    116    366   4060   1560    591    293    173    126
 31      124           107           136          3490   1490           290           124

Min      124   97.9   90.7   95.5    114    144    523    920    591    290    173    124   90.7
Mean     142    110   97.5    114    156    237   1110   2030    931    412    224    146    476
Max      159    121    107    139    279    372   4060   4510   1670    619    288    170   4510

