Station number: 420
Location:       Kotagaon Shringe                                                  Latitude: 27 45 00
River:          Kali Gandaki                                                     Longitude: 84 20 50

Year:           1990

                                    Mean daily discharge in m3/s
                                    ============================

Day     Jan.   Feb.   Mar.   Apr.   May    Jun.   Jul.   Aug.   Sep.   Oct.   Nov.   Dec.   Year
 01      136   91.7   90.1   82.0    108   NA      600   1270    840    570    258    168
 02      155   90.1   85.2   90.1    136   NA      523   1210    777    540    252    168
 03      143   88.5   80.4   77.4    140   NA      557   1050    751    507    252    166
 04      134   85.2   77.4   88.5    115   NA      578    954    683    499    252    164
 05      126   91.7   80.4   80.4   78.8   NA      499    920    829    483    252    162
 06      124   88.5   86.8   75.9   98.5   NA      674    931    898    464    247    162
 07      121   86.8   86.8   74.5    104   NA      650   1010   1050    441    244    160
 08      122   85.2   82.0   75.9    115   NA      871   1030    954    433    249    153
 09      121   83.6   78.8   71.6    124   NA     2330   1080    813    414    238    151
 10      119   83.6   80.4   78.8    138   NA     2440   1190    766    418    236    149
 11      115   82.0   80.4   90.1    119   NA     2220   1390   1450    400    230    143
 12      113   82.0   77.4   75.9    111   NA     1690   2940   1270    392    222    140
 13      111   78.8   75.9   77.4    113   NA     2040   4650    937    392    220    140
 14      109   77.4   74.5   73.0    104   NA     2480   3740    824    483    215    138
 15      108   75.9   71.6   74.5   NA      278   2620   2430    877    425    212    136
 16      108   74.5   71.6   70.1   NA      296   1600   2100    771    403    209    134
 17      106   73.0   71.6   65.8   NA      309   1490   1750    722    378    207    132
 18      104   73.0   71.6   65.8   NA      574   1910   1560    966    358    204    128
 19      102   74.5   77.4   67.2   NA      659   3640   1490    915    347    199    126
 20     98.5   74.5   77.4   61.7   NA      722   3880   1290    702    344    194    126
 21     98.5   73.0   75.9   68.6   NA      570   2180   1140    664    341    192    124
 22     96.7   73.0   74.5   65.8   NA      655   1830   1110    678    318    180    122
 23     96.7   73.0   73.0   70.1   NA      712   2010   1030    636    309    182    122
 24     96.7   74.5   74.5   70.1   NA      646   1810    966    722    300    182    122
 25     94.9   74.5   91.7   67.2   NA      519   1540    954    818    296    177    121
 26     94.9   73.0   77.4   64.3   NA      600   1330    966    746    290    175    121
 27     94.9   77.4   71.6   67.2   NA      871   1390   1310    669    284    175    119
 28     94.9   78.8   71.6   80.4   NA      722   2140   1300    641    278    171    117
 29     96.7          73.0   98.5   NA      641   2000    989    641    272    171    117
 30     96.7          75.9    104   NA      614   1690    954    587    269    171    121
 31     94.9          75.9          NA            1400    888           264           119

Min     94.9   73.0   71.6   61.7   NA     NA      499    888    587    264    171    117   NA  
Mean     111   79.9   77.8   75.8   NA     NA     1700   1470    820    384    212    138   NA  
Max      155   91.7   91.7    104   NA     NA     3880   4650   1450    570    258    168   NA  

