Station number: 420
Location:       Kotagaon Shringe                                                  Latitude: 27 45 00
River:          Kali Gandaki                                                     Longitude: 84 20 50

Year:           1989

                                    Mean daily discharge in m3/s
                                    ============================

Day     Jan.   Feb.   Mar.   Apr.   May    Jun.   Jul.   Aug.   Sep.   Oct.   Nov.   Dec.   Year
 01      246   72.0   58.1   55.4   48.5    128    649   4160   1100    803    293    192
 02      244   72.0   58.1   55.4   50.1    116    468   4400   1300    707    281    187
 03      240   70.0   56.3   55.4   51.8    112    550   3280   1060    655    278    185
 04      240   69.0   54.4   55.4   58.1    155    598   2650    983    618    275    182
 05      240   67.9   55.4   53.5   65.9    146    821   1550   1050    600    272    182
 06      238   67.9   56.3   54.4   62.8    134    732   1480    751    557    266    182
 07      233   66.9   54.4   55.4   61.8    129    758   1500   1020    527    264    182
 08      264   62.8   55.4   60.0   62.8    117    744   2170    966    511    258    180
 09      227   61.8   55.4   61.8   69.0    112    617   2510   1010    487    255    177
 10      134   60.9   54.4   67.9   69.0    110    488   2580   1020    483    252    175
 11      109   60.9   53.5   65.9   70.0    143    645   2630   1030    475    252    175
 12     97.4   60.0   56.3   59.1   84.1    138    702   2670   1030    464    249    175
 13     92.5   58.1   59.1   55.4    100    188    653   2770   1060    452    247    173
 14     88.9   57.2   64.9   53.5   86.5    167   1060   2630   1080    429    247    173
 15     86.5   57.2   61.8   54.4   87.7    188   4120   2480   1080    414    241    168
 16     84.1   56.3   59.1   57.2   75.3    157   6270   2390    937    407    236    164
 17     84.1   55.4   56.3   56.3   86.5    148   3550   2110    829    382    228    162
 18     82.9   55.4   55.4   55.4   97.4    148   2770   2140    898    385    225    160
 19     80.8   56.3   54.4   52.6    104    196   2240   1970    977    385    222    153
 20     78.6   62.8   53.5   51.0    148    204   2140   1960    866    371    220    149
 21     78.6   62.8   56.3   52.6    130    196   1320   2120   1230    368    217    145
 22     77.5   60.0   56.3   52.6    115    194   1240   3080   1050    364    215    140
 23     77.5   59.1   60.9   51.8    120    192   1110   3290   1070    344    209    138
 24     76.4   58.1   60.9   56.3    112    192   1010   2180   1070    334    204    136
 25     76.4   57.2   60.0   57.2    108    206    948   1860   1190    331    204    153
 26     75.3   58.1   57.2   55.4    106    216    871   1800   1090    325    212    145
 27     75.3   57.2   56.3   54.4    164    255    834   1710    948    322    209    136
 28     75.3   58.1   55.4   53.5    244    356   1200   1560    818    315    204    132
 29     74.2          55.4   51.8    196    411   1850   1310    813    312    202    134
 30     73.1          63.8   49.3    169    494   4520   1250    855    309    202    136
 31     72.0          60.0           136          3860   1240           306           138

Min     72.0   55.4   53.5   49.3   48.5    110    468   1240    751    306    202    132   48.5
Mean     130   61.5   57.3   55.7    101    188   1590   2300   1010    443    238    162    528
Max      264   72.0   64.9   67.9    244    494   6270   4400   1300    803    293    192   6270

