Station number: 420
Location:       Kotagaon Shringe                                                  Latitude: 27 45 00
River:          Kali Gandaki                                                     Longitude: 84 20 50

Year:           1975

                                    Mean daily discharge in m3/s
                                    ============================

Day     Jan.   Feb.   Mar.   Apr.   May    Jun.   Jul.   Aug.   Sep.   Oct.   Nov.   Dec.   Year
 01      123    116   85.8   83.1    119    189   6780   1490    831    753    281    166
 02      123    120   83.1   80.7    113    171   3030   1550    973    685    279    164
 03      123    119   83.1   84.4    110    147   1900   3820   1030    644    262    163
 04      136    111   81.9   87.1    105    154   2320   3450   1250    648    271    161
 05      136    108   83.1   89.8    102    140   2590   2250   1220    618    267    159
 06      134    107   84.4   96.4   96.4    138   1620   1770   1180    625    259    155
 07      131    105   87.1   99.3   96.4    143   1560   1780   1820    678    245    153
 08      123    102   89.8    104   99.3    164   1350   1170   3290    670    248    153
 09      122   99.3   89.8    105    102    160   1310   1160   3090    600    245    151
 10      120   96.4   84.4   96.4    120    162   1010    982   2110    593    239    150
 11      120   95.1   83.1   88.4    143    156   1080    963   1610    607    239    146
 12      119   93.7   81.9   85.8    164    181    996    973   1660    564    232    146
 13      116   92.4   81.9   84.4    154    196   1290    914   1250    537    227    144
 14      116   92.4   80.7   85.8    164    200   1410    806   1140    513    225    144
 15      114   95.1   79.5   85.8    200    288   1150    802   1150    474    219    143
 16      113   92.4   78.3   84.4    252    780   1110    836   1230    458    216    139
 17      113   88.4   78.3   81.9    275    611   1020    785   1140    434    214    136
 18      111   85.8   78.3   79.5    177    459    982    773   1020    406    210    134
 19      111   84.4   78.3   79.5    168    571    959    761   1060    395    204    134
 20      108   83.1   78.3   85.8    151    595   1090    761   1240    377    198    133
 21      108   83.1   78.3   91.1    131    935   1150    785   1220    369    194    131
 22      107   83.1   77.0    114    133   1070   1150    761   1100    372    194    131
 23      114   84.4   77.0    126    124    899   1250    840    914    355    194    129
 24      119   83.1   77.0    143    124    567   1300    977    798    346    192    131
 25      116   81.9   78.3    129    133    579   1490   3690    749    336    190    128
 26      114   81.9   85.8    153    126    653   1440   2590    678    333    178    126
 27      111   83.1    110    138    131    833   1640   1560    678    336    176    122
 28      110   85.8    101    126    149    828   2340   1240   1390    310    172    122
 29      108          87.1    126    153   1180   2660    977   1210    302    170    121
 30      108          84.4    119    179   1170   2480    910    857    297    168    119
 31      107          84.4           189          1690    875           291           119

Min      107   81.9   77.0   79.5   96.4    138    959    761    678    291    168    119   77.0
Mean     117   94.7   83.6    101    145    477   1710   1390   1300    481    220    140    522
Max      136    120    110    153    275   1180   6780   3820   3290    753    281    166   6780

