Station number: 420
Location:       Kotagaon Shringe                                                  Latitude: 27 45 00
River:          Kali Gandaki                                                     Longitude: 84 20 50

Year:           1967

                                    Mean daily discharge in m3/s
                                    ============================

Day     Jan.   Feb.   Mar.   Apr.   May    Jun.   Jul.   Aug.   Sep.   Oct.   Nov.   Dec.   Year
 01      108   82.9   75.3   73.1    104    109    329    825    736    491    202    134
 02      108   82.9   75.3   72.0    100    112    461    719    732    464    198    128
 03      106   82.9   74.2   71.0   96.1    120    408    744    694    448    198    128
 04      105   81.9   73.1   71.0   86.5    136    572    779    673    423    190    126
 05      104   81.9   73.1   71.0   81.9    158    649   1020    762    405    186    125
 06      103   81.9   73.1   71.0   77.5    152    529   1010    702    396    185    125
 07      101   81.9   73.1   71.0   75.3    157    468    915    641    373    183    123
 08      100   81.9   73.1   71.0   74.2    123    547    991    673    364    185    120
 09     98.7   81.9   72.0   71.0   86.5    113    715    920    784    353    181    119
 10     96.1   81.9   72.0   71.0    106    152    812   1030    877    342    177    116
 11     94.8   81.9   72.0   71.0    115    177    690   1110   1120    334    174    115
 12     94.8   80.8   72.0   66.9    109    194    784    915    966    331    169    115
 13     94.8   80.8   71.0   65.9    108    212    723    976    807    316    167    115
 14     93.7   80.8   71.0   66.9    103    321    749    966    732    484    162    113
 15     93.7   79.7   72.0   71.0    100    625   1300   1090    740    295    160    112
 16     93.7   79.7   74.2   75.3   93.7    602   1490   1410    682    283    160    110
 17     93.7   78.6   74.2   78.6   91.3    310   1370   1490    657    276    153    109
 18     92.5   79.7   74.2   86.5   84.1    348   1710   1390    633    271    162    108
 19     91.3   79.7   73.1    104   81.9    342   1790   1140    669    264    158    106
 20     90.1   78.6   72.0    100   84.1    342   1310   1050    891    253    155    105
 21     88.9   78.6   72.0   91.3   87.7    375    621   1010    986    246    152    104
 22     88.9   77.5   72.0   86.5    104    414    966    891   1030    240    148    104
 23     88.9   77.5   73.1    117    128    356    775   1190    961    233    141    103
 24     88.9   76.4   73.1    115    115    308   1240   1340    830    229    143    103
 25     88.9   76.4   74.2    101    120    310    779   1160    793    225    141    106
 26     87.7   75.3   76.4   88.9    123    318    858   1050    690    223    132    106
 27     87.7   75.3   76.4   87.7    105    471    854   1430    609    218    138    106
 28     86.5   75.3   75.3    100   93.7    468    766   1180    565    212    136    104
 29     85.3          75.3    100   91.3    342    779    966    536    210    134    101
 30     84.1          74.2   94.8   94.8    310    690    863    543    206    132    100
 31     84.1          74.2           103           753    793           202          98.7

Min     84.1   75.3   71.0   65.9   74.2    109    329    719    536    202    132   98.7   65.9
Mean    94.3   79.8   73.4   82.7   97.5    283    854   1040    757    310    163    113    329
Max      108   82.9   76.4    117    128    625   1790   1490   1120    491    202    134   1790

