Station number: 420
Location:       Kotagaon Shringe                                                  Latitude: 27 45 00
River:          Kali Gandaki                                                     Longitude: 84 20 50

Year:           1969

                                    Mean daily discharge in m3/s
                                    ============================

Day     Jan.   Feb.   Mar.   Apr.   May    Jun.   Jul.   Aug.   Sep.   Oct.   Nov.   Dec.   Year
 01      143    111   91.1   91.1    111    131    280    771    993    648    266    153
 02      143    111   91.1   88.4   96.4    140    288    853    936    616    253    151
 03      140    110   89.8   96.4   96.4    162    288    818   1130    592    248    149
 04      140    110   88.4   91.1   95.1    185    288    771   1030    564    246    147
 05      136    108   88.4   83.1   88.4    206    285    724    911    535    246    145
 06      136    107   91.1   83.1   88.4    238    285    697   1320    509    243    143
 07      134    105   91.1   83.1   96.4    260    304    706   1590    487    241    142
 08      133    104   91.1   83.1   99.3    260    469   1100   1600    466    239    142
 09      133    102   89.8   83.1   96.4    235    878   1290   1420    466    234    138
 10      131    101   89.8   83.1   93.7    222    771   1490   1360    452    231    138
 11      129   99.3   85.8   83.1   97.9    260    724    930   1290    429    229    135
 12      129   99.3   83.1   83.1    126    233    761    858   1240    413    224    131
 13      131    102   88.4   96.4    138    198    697    766   1200    391    220    128
 14      133    105   93.7   96.4    129    206    623    823   1140    369    215    125
 15      151    108   96.4   97.9    136    206    583    785   1090    357    208    121
 16      143    105   99.3   99.3    126    264    868    828   1060    346    202    118
 17      133    104    102    102    119    257   1460    868    906    340    198    114
 18      131    102   96.4    102    120    262   1220    941    877    334    193    114
 19      129    101   97.9    110    105    370   1070   1270    911    328    189    113
 20      128   99.3    108   99.3   99.3    367    968   1540   1410    322    185    111
 21      126   97.9    111   96.4   96.4    428    909   2240   1360    317    181    111
 22      123   96.4    105    110   95.1    487    868   1930   1360    311    177    110
 23      120   95.1    101   93.7   96.4    361    790   1380   1140    308    172    110
 24      119   93.7   97.9   89.8    128    340    790   1340   1060    305    170    108
 25      119   93.7   97.9   85.8    147    323   1140   1320   1060    300    168    108
 26      117   93.7   97.9   84.4    175    306   1010   1190    993    295    164    106
 27      116   92.4   96.4   83.1    179    272    962   1100    921    289    160    106
 28      116   92.4   96.4   80.7    189    267   1400   1220    829    279    158    106
 29      114          95.1   85.8    183    260   1490   1290    787    274    156    105
 30      113          97.9   87.1    183    270   1190   1180    699    271    154    105
 31      111          96.4           160           941    787           269           105

Min      111   92.4   83.1   80.7   88.4    131    280    697    699    269    154    105   80.7
Mean     129    102   95.0   91.1    122    266    794   1090   1120    393    206    124    378
Max      151    111    111    110    189    487   1490   2240   1600    648    266    153   2240

