Station number: 420
Location:       Kotagaon Shringe                                                  Latitude: 27 45 00
River:          Kali Gandaki                                                     Longitude: 84 20 50

Year:           1985

                                    Mean daily discharge in m3/s
                                    ============================

Day     Jan.   Feb.   Mar.   Apr.   May    Jun.   Jul.   Aug.   Sep.   Oct.   Nov.   Dec.   Year
 01      113   92.2   87.9   76.0   81.9    138    464    771   1010    702    352    211
 02      115   92.2   96.6   73.5   87.4    144    592    783    987    640    346    209
 03      119   92.9   96.6   73.5   85.9    139    447    697   1400    593    340    204
 04      117   90.7   95.1   72.9   85.2    133    573    739   2450    553    335    203
 05      117   92.2   97.3   71.6   87.2    159   1100    751   2110    534    323    200
 06      125   92.2   99.6   70.4   92.9    139    868    800   1860    561    318    198
 07      118   92.2   98.1   69.8   99.6    145   1560    735   1550    520    309    197
 08      115   90.7   94.4   69.2   98.1    127   1600    682   1230    498    305    196
 09      113   90.7   92.2   69.8   94.4    124   1030    661   1070    506    298    190
 10      112   87.9   88.6   69.8    132    133    857    691    917    939    293    186
 11      110   88.5   87.2   76.0    126    134   1020    651   1430   1250    289    184
 12      109   87.2   90.7   80.6    116    146   1050    638   1440   1040    292    180
 13      106   86.5   91.4   83.9    118    137   1070    639   1150    695    280    177
 14      106   86.5   89.3   88.0    106    139   1180    626    973    590    282    174
 15      104   85.2   87.2   82.6    101    213   1240    624   1030    567    270    172
 16      103   83.9   86.0   79.2   99.6    224   1160    563   1190    544    262    169
 17      103   86.5   84.5   76.6   92.9    211   1340    643   1250    532    257    169
 18     98.1   86.5   79.9   76.6   94.4    197   1100    708   1410    595    252    165
 19     99.6   85.9   81.9   76.7    112    284   1000   1270   1130    704    250    162
 20      101   85.2   74.1   75.3    147    275   1040   1190    981    634    242    158
 21      103   85.9   73.5   83.9    139    384   1000   1090    912    544    240    155
 22      101   86.5   72.2   90.0    132    322   1370   1130    802    524    237    154
 23     99.6   85.2   74.1    106    119    286   1180   1670    742    482    234    153
 24     99.6   83.9   79.2    108    106    403   1320   1340    706    459    231    153
 25     97.3   90.7   78.6   98.1    104    332   1330   1030    690    440    230    151
 26     93.6   90.0   78.6   86.5    109    328   1690    853    829    416    225    149
 27     93.6   86.5   76.6   79.2    151    371   1440    806    704    405    221    191
 28     93.6   86.5   77.2   74.1    173    500   1460    675    759    391    217    244
 29     92.2          81.2   72.2    174    420   1250    897    835    383    214    202
 30     93.6          81.9   79.9    155    340   1090    874    771    375    212    180
 31     92.9          80.6           135           868    815           367           168

Min     92.2   83.9   72.2   69.2   81.9    124    447    563    690    367    212    149   69.2
Mean     105   88.2   85.6   79.7    115    234   1110    840   1140    580    272    181    403
Max      125   92.9   99.6    108    174    500   1690   1670   2450   1250    352    244   2450

