Station number: 420
Location:       Kotagaon Shringe                                                  Latitude: 27 45 00
River:          Kali Gandaki                                                     Longitude: 84 20 50

Year:           1971

                                    Mean daily discharge in m3/s
                                    ============================

Day     Jan.   Feb.   Mar.   Apr.   May    Jun.   Jul.   Aug.   Sep.   Oct.   Nov.   Dec.   Year
 01      105   83.1   77.0   69.9    131    183   1240    868   1070    517    338    170
 02      105   81.9   84.4   71.0    120    229   1490   1190   1250    469    329    166
 03      105   79.5   77.0   71.0    113    315   1450    888   1060    469    315    168
 04      104   78.3   74.6   69.9    114    335   1300    818   1070    469    320    164
 05      102   77.0   73.4   77.0    149    367   1170   1110   1290    435    304    162
 06      101   89.8   81.9   81.9    173    374   1020   1320   1140    421    298    160
 07      101   75.8   89.8   79.5    153    438   1220   1650    984    438    295    156
 08     99.3   75.8   81.9   93.7    200    399   1070   2320   1010    399    280    154
 09     97.9   75.8   75.8   95.1    204    415    894   2170   1340    415    270    151
 10     96.4   74.6   74.6   95.1    162    466    883   1690   1000    386    255    149
 11     96.4   74.6   72.2   93.7    143    603   1200   1550   1230    343    255    147
 12     95.1   75.8   71.0   93.7    187    666   1920   1740    962    361    255    143
 13     93.7   74.6   72.2   99.3    198    653   1220   1700    818    380    247    141
 14     92.4   72.2   71.0   91.1    177    715   1210   1490    706    383    240    140
 15     91.1   71.0   71.0   88.4    235    780    995   1450    662    358    238    136
 16     91.1   71.0   69.9   85.8    217   1050    925   1400    611    367    233    134
 17     89.8   71.0   71.0   85.8    194    962    930   1420    579    794    231    131
 18     89.8   71.0   68.8   96.4    209    640   1030   1910    551   1020    226    131
 19     88.4   72.2   67.7    108    189    563    925   2030    520   1610    220    129
 20     87.1   72.2   68.8    211    162    559    930   2270    509    968    220    128
 21     87.1   69.9   68.8    213    154    733    920   1770    473    662    213    126
 22     88.4   69.9   67.7    140    164    990    995   1470    455    595    204    124
 23     89.8   68.8   68.8    131    154    761    883   1270    476    524    198    123
 24     89.8   69.9   67.7    158    154    706    868   1200    520    484    187    122
 25     88.4   68.8   66.6    164    162    692    766   1170    595    455    189    120
 26     87.1   68.8   67.7    133    168    984    715   1290    611    421    187    119
 27     87.1   67.7   72.2    119    162    899    688   1240    615    396    181    117
 28     87.1   73.4   75.8    113    162    925    697    968    528    383    179    117
 29     85.8          73.4    114    153   1110    761    863    484    367    162    117
 30     84.4          71.0    124    177   1130    761    828    513    358    173    117
 31     83.1          69.9           168           757    962           346           116

Min     83.1   67.7   66.6   69.9    113    183    688    818    455    343    162    116   66.6
Mean    93.2   74.1   73.0    109    168    655   1030   1420    788    516    241    138    442
Max      105   89.8   89.8    213    235   1130   1920   2320   1340   1610    338    170   2320

