Station number: 420
Location:       Kotagaon Shringe                                                  Latitude: 27 45 00
River:          Kali Gandaki                                                     Longitude: 84 20 50

Year:           1992

                                    Mean daily discharge in m3/s
                                    ============================

Day     Jan.   Feb.   Mar.   Apr.   May    Jun.   Jul.   Aug.   Sep.   Oct.   Nov.   Dec.   Year
 01      148    118   94.0   80.0   96.0    130    298   1280   1030    531    255    160
 02      146    120   92.0   80.0    114    116    265   2800    943    455    252    162
 03      144    116   88.0   80.0    116    118    285   1310   1620    425    252    160
 04      144    114   94.0   78.5    108    122    268   1140    871    413    247    166
 05      142    110   98.0   78.5    108    112    317   1030    792    402    247    166
 06      140    114   96.0   77.0    124    126    367    732    741    405    240    164
 07      140    112   92.0   77.0    108    142    370   1740    761    388    235    160
 08      140    126   92.0   78.5    100    166    350   1790    722    380    232    156
 09      136    128   96.0   80.0   96.0    166    445   1390    777    350    215    150
 10      136    120   90.0   80.0   94.0    176    459   1020    741    340    210    148
 11      132    106   94.0   84.0   94.0    170    400    893    702    335    218    146
 12      132    110   86.0   84.0    132    148    377    741    618    430    222    144
 13      146    106   88.0   88.0    140    140    382    678    587    428    228    144
 14      136    102   90.0    100    128    156    440    641    544    392    210    142
 15      134    106   86.0    100    128    164    425   1230    507    362    205    138
 16      130    104   82.0   98.0    120    180    410   1270    499    355    202    138
 17      130    102   80.0   92.0    122    182    523   1060    824    345    200    134
 18      124    102   80.0   86.0    126    205    618   1090    707    345    195    132
 19      124   98.0   82.0   78.5    148    202    636   1100    641    328    193    130
 20      124   96.0   90.0   80.0    116    235    574   1020    587    317    188    126
 21      122   94.0   84.0   80.0    106    335    544    983    540    307    182    124
 22      124   94.0   86.0   86.0    102    432    425   1610    511    302    182    122
 23      126   94.0   82.0    102    100    312    430   1250    495    295    178    120
 24      124   92.0   82.0   90.0    108    312    435   2070    459    288    178    116
 25      122   92.0   80.0   90.0    102    307    688   3040    442    283    176    114
 26      120   90.0   80.0   80.0    102    290   1050   2560    435    275    170    120
 27      118   90.0   80.0   80.0    102    298    712   2260    428    278    168    112
 28      116   90.0   75.5   82.0    120    300    552   1790    425    272    170    112
 29      118   94.0   78.5   96.0    112    307    523   1510    425    268    168    112
 30      116          82.0    100    118    298    855   1280    511    263    162    110
 31      116          80.0           124           882   1110           260           108

Min      116   90.0   75.5   77.0   94.0    112    265    641    425    260    162    108   75.5
Mean     131    105   86.5   85.5    113    212    494   1400    663    349    206    137    332
Max      148    128   98.0    102    148    432   1050   3040   1620    531    255    166   3040

