Station number: 420
Location:       Kotagaon Shringe                                                  Latitude: 27 45 00
River:          Kali Gandaki                                                     Longitude: 84 20 50

Year:           1993

                                    Mean daily discharge in m3/s
                                    ============================

Day     Jan.   Feb.   Mar.   Apr.   May    Jun.   Jul.   Aug.   Sep.   Oct.   Nov.   Dec.   Year
 01      106   84.0   69.5   63.7    144    178    435   2040   2040    829    296    177
 02      104   82.0   68.0   63.7    148    182    491   3690   1780    771    284    173
 03      106   80.0   69.5   59.8    154    168    459   3010   1590    741    278    171
 04      104   78.5   65.0   55.9    158    193    570   2020   1470    698    275    171
 05      102   78.5   65.0   54.6    162    225    544   2200   1210    702    269    168
 06      102   78.5   63.7   54.6    182    210    544   1800   5740    659    269    168
 07      102   77.0   61.1   52.0    210    305    570   1870   6840    636    266    166
 08      108   75.5   61.1   52.0    164    240    523   1530   3210    587    261    164
 09      116   74.0   59.8   52.0    188    245    452   1680   2630    544    255    162
 10      104   86.0   61.1   53.3    174    255    445   2280   2020    531    252    157
 11      106   94.0   61.1   55.9    158    270    469   1490   1850    531    252    155
 12      104   82.0   59.8   53.3    138    263    574   1360   1490    507    244    153
 13      104   78.5   61.1   65.0    124    328    455   1390   1320    479    241    151
 14      102   82.0   61.1   65.0    116    300    445   1460   1420    475    238    147
 15      100   88.0   59.8   66.5    154    275    664   1210   1370    441    236    145
 16     96.0   88.0   59.8   69.5    134    288    587   1220   1240    429    236    138
 17     96.0   84.0   59.8   71.0    166    317    641   1220   1100    414    233    138
 18     96.0   84.0   57.2   84.0    162    288    994   1190   1000    400    230    136
 19     94.0   77.0   55.9   82.0    160    322    641   1490    866    385    222    134
 20     92.0   75.5   54.6   88.0    156    315    535   2120    803    375    215    132
 21     90.0   74.0   53.3   88.0    154    305    527   1770    797    364    209    132
 22     90.0   72.5   53.3   90.0    140    265    544   1940    756    358    204    132
 23     88.0   69.5   57.2   86.0    134    307    818   1620    761    351    199    126
 24     86.0   68.0   55.9    102    120    312    698   2040   1670    344    197    122
 25     86.0   66.5   61.1    130    142    455    698   1980   2140    341    194    122
 26     86.0   68.0    116    128    170    398    782   1870   2050    328    192    121
 27     86.0   71.0   94.0    122    168    328    777   1610   1980    318    189    121
 28     90.0   71.0   98.0    106    265    380    954   1620   1910    312    187    119
 29     90.0          74.0    144    178    442   1260   1690   1420    312    185    119
 30     90.0          68.0    172    166    398    664   1710    861    306    182    117
 31     86.0          66.5           172          1310   2180           293           115

Min     86.0   66.5   53.3   52.0    116    168    435   1190    756    293    182    115   52.0
Mean    97.2   78.1   65.5   81.0    160    292    647   1820   1840    476    233    144    495
Max      116   94.0    116    172    265    455   1310   3690   6840    829    296    177   6840

