Station number: 420
Location:       Kotagaon Shringe                                                  Latitude: 27 45 00
River:          Kali Gandaki                                                     Longitude: 84 20 50

Year:           1966

                                    Mean daily discharge in m3/s
                                    ============================

Day     Jan.   Feb.   Mar.   Apr.   May    Jun.   Jul.   Aug.   Sep.   Oct.   Nov.   Dec.   Year
 01      120    101   93.7   82.9   87.7    138    641   1440   1930    396    221    150
 02      119    100   92.5   84.1   85.3    148    896   1820   2520    387    218    146
 03      117    100   90.1   84.1   88.9    177    950   1690   2050    390    216    145
 04      120    100   91.3   81.8    101    181    771   1510   1720    384    212    143
 05      126   98.7   91.3   81.9    101    176    590   1840   1270    373    210    143
 06      126   98.7   91.3   82.9    103    174    501   1950   1250    384    208    141
 07      122    100   90.1   87.7    109    162    402   1670   1340    367    206    141
 08      117   98.7   87.7   86.5    134    152    471   1490   1180    348    204    136
 09      116    100   86.5   82.9    134    155    464   1500   1110    326    202    132
 10      115   98.7   86.5   80.8    116    164    468   1470   1010    321    200    132
 11      113   97.4   87.7   80.8    117    165    587   1370    920    321    200    130
 12      113   96.1   87.7   80.8    113    164   1220   1410    868    310    196    129
 13      112   97.4   87.7   79.7    100    174   1130   1510    830    305    194    128
 14      110    106   86.5   77.5   90.1    235    830   1470    758    295    190    126
 15      109    117   85.3   82.9   85.3    214    771   1490    653    286    185    123
 16      109    105   85.3   86.5   87.7    185    740   1190    629    286    179    123
 17      106    101   86.5   81.9   93.7    170    698   1140    775    274    177    123
 18      106    100   87.7   85.3   97.4    183    775   1060    715    274    176    120
 19      105   97.4   88.9   81.9   97.4    373    698   1040    641    269    174    119
 20      105   97.4   87.7   78.6   94.8    242    740   1050    613    267    174    119
 21      104   96.1   85.3   77.5   94.8    229    802    940    565    260    170    119
 22      104   96.1   86.5   81.9    105    231    896   1090    568    269    167    117
 23      104   94.8   85.3   87.7    123    474    940   1110    536    255    165    117
 24      103   93.7   85.3   85.3    130    522   1040   3040    501    231    164    116
 25      103   93.7   86.5   81.9    153    561   1200   1950    468    246    162    115
 26      101   92.5   88.9   82.9    153    727   1570   1790    436    244    160    113
 27      104   92.5   90.1   85.3    155    637   1440   1790    426    233    157    112
 28      112   92.5   92.5   88.9    134    682   1410   1820    411    229    153    110
 29      108          88.9   86.5    143    621   1400   1820    405    227    152    109
 30      105          85.3   85.3    172    602   1470   2230    405    225    150    109
 31      103          82.9           167          1220   1990           223           109

Min      101   92.5   82.9   77.5   85.3    138    402    940    405    223    150    109   77.5
Mean     111   98.7   88.0   83.2    115    301    895   1570    917    297    185    126    399
Max      126    117   93.7   88.9    172    727   1570   3040   2520    396    221    150   3040

