Station number: 420
Location:       Kotagaon Shringe                                                  Latitude: 27 45 00
River:          Kali Gandaki                                                     Longitude: 84 20 50

Year:           1987

                                    Mean daily discharge in m3/s
                                    ============================

Day     Jan.   Feb.   Mar.   Apr.   May    Jun.   Jul.   Aug.   Sep.   Oct.   Nov.   Dec.   Year
 01      166    120    116    126    126    206    421   2420    927    383    234    170
 02      162    123    111    123    140    211    540   2540   1050    363    227    168
 03      162    126    113    119    158    262    547   2470   1350    355    227    166
 04      160    124    111    116    185    255   1000   1940   1220    344    223    166
 05      158    124    117    113    175    240    761   1670    977    333    223    161
 06      156    124    117    111    151    245    724   1500    870    325    221    164
 07      154    123    113    111    147    270    838   1370    818    317    221    159
 08      153    122    114    119    149    367   1540   1240    883    310    219    159
 09      149    122    116    122    151    275   2460   1250    831    299    216    157
 10      147    122    114    131    147    532   1450   1310    753    302    212    157
 11      147    123    114    129    141    358   2150   1470    840    289    212    155
 12      145    120    116    114    129    290   1870   1940    789    281    210    161
 13      147    120    114    107    124    272   1530   3760    721    279    210    176
 14      145    120    114    102    124    270   1120   2000    663    279    204    164
 15      143    120    113    101    123    275    973   1590    670    274    200    157
 16      141    120    113   99.3    120    288    843   1290    600    269    198    163
 17      140    120    113    101    123    224    990   1060    554    264    196    163
 18      140    122    113    104    123    312    973    991    527    257    194    151
 19      138    122    111    105    126    285    973   1120    513    255    192    146
 20      136    119    108    110    123    249    899    982    520    618    186    144
 21      136    117    107    108    129    233    799    897    618    346    184    143
 22      134    114    108    117    131    245    941   1180    493    299    182    139
 23      133    113    105    191    181    260   2090   1130    480    281    182    138
 24      131    113    107    162    185    389   3490   1090    513    269    180    136
 25      129    111    111    141    168    374   3680   1080    468    267    178    136
 26      129    110    116    170    158    320   3580   1240    446    257    176    134
 27      129    110    113    140    158    312   2500   1260    437    255    176    131
 28      129    110    105    131    158    326   2540   1400    401    245    174    129
 29      126           107    122    151    408   2290   1360    401    243    172    128
 30      128           111    122    168    466   2050   1170    398    245    172    126
 31      126           128           175          2100   1010           239           126

Min      126    110    105   99.3    120    206    421    897    398    239    172    126   99.3
Mean     143    119    113    122    147    301   1570   1510    691    301    200    151    447
Max      166    126    128    191    185    532   3680   3760   1350    618    234    176   3760

