Station number: 420
Location:       Kotagaon Shringe                                                  Latitude: 27 45 00
River:          Kali Gandaki                                                     Longitude: 84 20 50

Year:           1968

                                    Mean daily discharge in m3/s
                                    ============================

Day     Jan.   Feb.   Mar.   Apr.   May    Jun.   Jul.   Aug.   Sep.   Oct.   Nov.   Dec.   Year
 01     98.7   98.7   71.0   75.3    100    146    629   1470   1100    690    367    206
 02     98.7   90.1   71.0   69.0    110    152    621   1330    891    753    355    204
 03     97.4   86.5   72.0   67.9    116    162    617   1320    807    744    346    202
 04     96.1   84.1   73.1   69.0    110    136    798   1210    793   1020    338    200
 05     93.7   81.9   73.1   69.0    109    128    669   1090    784   3490    335    198
 06     92.5   81.9   71.0   67.9    119    135    579   1120    825   5620    329    194
 07     92.5   80.8   70.0   70.0    113    145    587   1070    854   4260    326    191
 08     91.3   79.7   71.0   77.5   88.9    143    727   1170    807   2020    323    189
 09     91.3   78.6   71.0   82.9   88.9    152    649   1350    789   1310    320    187
 10     97.4   78.6   73.1   81.9   87.7    200    598   1330    784   1130    306    185
 11      106   77.5   71.0   80.8   80.8    179    583   1210    753    984    298    181
 12     93.7   76.4   72.0   79.7   81.9    242    587   1300    727    873    298    179
 13     92.5   75.3   73.1   74.2   94.8    227    812   1330    723    775    295    177
 14     93.7   74.2   74.2   74.2    100    242   1340   1540    744    599    285    175
 15     96.1   73.1   74.2   74.2   87.7    384   1420   1350    887    599    282    173
 16     94.8   73.1   74.2   73.1   87.7    508   1220   1530    950    628    272    171
 17     92.5   73.1   74.2   72.0   98.7    583   1330   1490    950    587    272    170
 18     91.3   73.1   76.4   71.0   88.9    653   1790   1510    925    563    262    166
 19     90.1   72.0   82.9   70.0    101    565   2090   1490   1220    532    252    162
 20     88.9   71.0   82.9   72.0    136    455   1400   1430    991    524    252    160
 21     87.7   71.0   80.8   74.2    125    390   1410   1430   1220    509    247    158
 22     86.5   71.0   81.9   74.2    110    448   1690   1450    996    498    229    158
 23     84.1   71.0   80.8   77.5    115    561   2830   1260    844    494    231    156
 24     84.1   71.0   79.7   75.3    119    522   2800   1360    784    473    233    156
 25     82.9   71.0   73.1   74.2    106    393   2660   1370    920    466    233    154
 26     81.9   71.0   74.2   75.3    115    508   2530   1400    956    418    229    153
 27     80.8   70.0   71.0   82.9    106    711   2400   1370    906    405    222    153
 28     81.9   69.0   73.1   79.7    106   1040   2260   1540    844    402    217    151
 29     86.5   70.0   74.2   81.9    100    825   2130   1470    762    386    215    149
 30      100          73.1   81.9    167    762   1600   1410    727    383    211    147
 31      110          71.0           202          1530   1360           374           147

Min     80.8   69.0   70.0   67.9   80.8    128    579   1070    723    374    211    147   67.9
Mean    92.1   76.4   74.3   75.0    109    390   1380   1360    875   1050    279    173    494
Max      110   98.7   82.9   82.9    202   1040   2830   1540   1220   5620    367    206   5620

