Station number: 420
Location:       Kotagaon Shringe                                                  Latitude: 27 45 00
River:          Kali Gandaki                                                     Longitude: 84 20 50

Year:           1988

                                    Mean daily discharge in m3/s
                                    ============================

Day     Jan.   Feb.   Mar.   Apr.   May    Jun.   Jul.   Aug.   Sep.   Oct.   Nov.   Dec.   Year
 01      126   96.6    103   86.5    115    168    338   1600   1900    609    361    274
 02      126   96.6   93.6   82.6    141    164    932   2130   1760    590    359    271
 03      128   98.1   90.7   79.9    139    146    777   1630   1540    572    353    269
 04      128   96.6   87.9   78.6    118    136    629   1210   1570    568    350    271
 05      122   95.1   86.5   86.5    116    131   1220   1160   1380    557    348    271
 06      121   98.1   86.5   90.7    112    136   2210    977   1180    550    348    274
 07      119   99.6   89.2   87.9    113    141   1290   1200   1910    536    342    274
 08      118    101   87.9   95.1    103    150   1210   1390   2560    518    337    269
 09      118   99.6   89.2    104    109    138   1110   1230   3230    508    334    269
 10      116   98.1   93.6    110    116    146    927   1310   2230    498    329    267
 11      116   98.1   98.1    101    116    176    914   1380   1960    484    329    264
 12      116   96.6   93.6   96.6    134    170    875   1690   1340    474    321    262
 13      116   96.6   96.6    110    121    192   1620   1740   1220    461    318    260
 14      116   93.6   99.6    109    134    190   1540   1570   1150    458    316    255
 15      116   95.1   92.2    110    129    186   1180   1410   1050    452    313    251
 16      115   93.6   87.9    104    133    192    991   1900   1140    445    310    251
 17      113   93.6   85.2    115    124    221    982   1950   1020    436    310    246
 18      110   92.2   85.2    113    146    239    986   1660    950    430    308    242
 19      109   92.2   83.9    112    155    259    991   1730   1130    426    305    238
 20      109   89.2   90.7    116    168    248    831   1610    956    420    300    238
 21      109   89.2    101    115    141    267    831   1600    872    417    295    235
 22      107   90.7   89.2    112    148    276   1230   1530   1750    411    293    233
 23      107   93.6   86.5    113    138    286   1010   2210    849    405    288    231
 24      104   93.6   85.2    112    138    281   1180   3590    825    402    286    231
 25      103   96.6   85.2    115    136    377   1580   2570    779    399    281    229
 26      101   95.1   82.6    103    153    360   2070   3290    732    390    278    258
 27     99.6   90.7   89.2    129    150    346   1940   2740    719    384    276    345
 28     98.1   89.2   86.5    115    153    412   1670   2800    702    378    274    281
 29     98.1   90.7   83.9    129    188    395   1410   2760    661    373    274    264
 30     96.6          81.2    115    178    374   1220   2630    637    367    274    255
 31     96.6          85.2           174          1440   2200           364           249

Min     96.6   89.2   81.2   78.6    103    131    338    977    637    364    274    229   78.6
Mean     112   94.8   89.6    105    137    230   1200   1880   1320    461    314    259    517
Max      128    101    103    129    188    412   2210   3590   3230    609    361    345   3590

