Station number: 420
Location:       Kotagaon Shringe                                                  Latitude: 27 45 00
River:          Kali Gandaki                                                     Longitude: 84 20 50

Year:           1964

                                    Mean daily discharge in m3/s
                                    ============================

Day     Jan.   Feb.   Mar.   Apr.   May    Jun.   Jul.   Aug.   Sep.   Oct.   Nov.   Dec.   Year
 01      175    131    105   88.0    133   80.6    580   2140   1940    839    321    181
 02      177    129    105   90.0    128   86.1    498   1940   2070    736    313    179
 03      177    129   90.0   88.0    135   94.6    452   1840   1650    677    300    177
 04      172    129   90.0   92.0    143    106    494   2980   1390    629    295    176
 05      166    129   90.0   89.0    138    101    568   2540   1280    590    297    174
 06      160    129   90.0   88.0    140    106    596   1750   1290    602    295    172
 07      157    128   90.0   90.0    123    114    755   1410   1370    629    295    170
 08      152    128   88.0   94.0    123    126    716   1200   1150    661    293    169
 09      149    128   88.0    100    113    113    737   1100    830    625    271    169
 10      145    128   88.0   97.0    128    118   1460   1070   1200    621    264    169
 11      140    126   90.0   99.0    142    121   1240   1170   1110    572    262    169
 12      139    126   90.0    104    121    119   1530   1120   1020    536    255    167
 13      138    124   91.0    107    121    111   1280   1940    911    512    249    165
 14      138    123   90.0    110    143    128    998   2040    882    498    246    165
 15      136    131   88.0    104    149    179   1260   1410   1420    471    244    164
 16      136    134   87.0    104    113    372   1050   1390   1680    464    240    160
 17      136    118   88.0    101    113    357   1370   1560   1190    452    233    158
 18      136    123   86.0    102    111    241   1410   1710    956    439    227    157
 19      134    123   86.0   93.2    108    251   1330   1640   1550    423    225    152
 20      134    121   86.0   99.0    105    263   1310   1510   1340    411    218    146
 21      134    116   88.0   97.5    102    248   1080   1410   1090    393    214    146
 22      134    113   88.0   96.0    126    340   1120   1560   1070    384    210    148
 23      134    113   86.0   99.0    135    505   1680   1360   1010    373    206    146
 24      134    120   86.0    101    116    366   2350   1170    911    361    202    146
 25      134    116   88.0   91.8   94.6    357   3060   1090   1240    353    198    146
 26      134    111   88.0    106   90.4    397   2350   1010   1390    348    192    145
 27      134    107   88.0    116   86.1    550   1910   1010   1230    340    188    141
 28      133    104   88.0    118   83.3    542   1580    945   1040    334    186    138
 29      131    105   86.0    116   80.6    584   1390    966    981    329    185    136
 30      131          86.0    125   76.8    636   2200   1070    915    323    183    135
 31      131          86.0          79.3          2430   1780           323           135

Min      131    104   86.0   88.0   76.8   80.6    452    945    830    323    183    135   76.8
Mean     144    122   89.2    100    116    257   1320   1510   1240    492    244    158    482
Max      177    134    105    125    149    636   3060   2980   2070    839    321    181   3060

