Station number: 420
Location:       Kotagaon Shringe                                                  Latitude: 27 45 00
River:          Kali Gandaki                                                     Longitude: 84 20 50

Year:           1991

                                    Mean daily discharge in m3/s
                                    ============================

Day     Jan.   Feb.   Mar.   Apr.   May    Jun.   Jul.   Aug.   Sep.   Oct.   Nov.   Dec.   Year
 01      136   91.7   90.1   82.0    108    164    966    751   1510    459    272    188
 02      155   90.1   85.2   90.1    136    143    618    850   1640    469    270    182
 03      143   88.5   80.4   77.4    140    122    623   1420   2190    469    268    176
 04      134   85.2   77.4   88.5    115    109   1720   1870   1870    473    268    176
 05      126   91.7   80.4   80.4   78.8    128   1760   1970   1750    428    263    176
 06      124   88.5   86.8   75.9   98.5    182   1600   1890   1470    418    260    174
 07      121   86.8   86.8   74.5    104    228   1480   1550   1470    418    255    172
 08      122   85.2   82.0   75.9    115    410   1660   1440   1420    405    252    172
 09      121   83.6   78.8   73.0    124    414   2210   1720   1510    390    247    168
 10      119   83.6   80.4   78.8    138    358   1470   1710   1750    388    242    168
 11      115   82.0   80.4   90.1    119    425   1330   1830   1620    375    242    162
 12      113   82.0   77.4   75.9    111    407   1100   1610   1560    367    237    158
 13      111   78.8   75.9   77.4    113    361    861   1500   1410    362    240    160
 14      109   77.4   74.5   73.0    104    364    777   1320   1460    352    232    158
 15      108   75.9   71.6   74.5   94.9    441    920   1330   1290    345    232    158
 16      108   74.5   71.6   70.1    175    315    989   1460   1200    342    230    154
 17      106   73.0   73.0   65.8    132    296    792   2650   1550    340    225    154
 18      104   73.0   71.6   65.8    136    368    792   1700   1470    328    222    154
 19      102   74.5   75.9   67.2    132    403    722   1790   1250    322    220    152
 20     98.5   74.5   77.4   67.2    164    396    782   1650   1090    320    220    150
 21     98.5   73.0   75.9   68.6    145    375    877   1630    909    315    218    148
 22     96.7   73.0   74.5   65.8    177    375    834   1330    829    312    207    146
 23     96.7   73.0   73.0   70.1    171    368    818   1180    766    310    205    144
 24     96.7   74.5   74.5   70.1    149    422    717   1080    712    305    205    148
 25     94.9   74.5   91.7   67.2    122    464    674   1040    650    300    202    160
 26     94.9   73.0   77.4   64.3    119    464    693   1030    614    298    200    188
 27     94.9   77.4   71.6   67.2    153    495    674   1040    574    292    200    178
 28     94.9   90.1   71.6   80.4    187    468    712   2060    540    292    198    164
 29     96.7          71.6   98.5    182    669   1150   1650    527    288    195    160
 30     96.7          75.9    104    182    468   1160   1590    507    278    193    156
 31     94.9          75.9           189           977   1630           275           150

Min     94.9   73.0   71.6   64.3   78.8    109    618    751    507    275    193    144   64.3
Mean     111   80.3   77.8   76.0    136    353   1050   1520   1240    356    231    163    449
Max      155   91.7   91.7    104    189    669   2210   2650   2190    473    272    188   2650

