Station number: 420
Location:       Kotagaon Shringe                                                  Latitude: 27 45 00
River:          Kali Gandaki                                                     Longitude: 84 20 50

Year:           1979

                                    Mean daily discharge in m3/s
                                    ============================

Day     Jan.   Feb.   Mar.   Apr.   May    Jun.   Jul.   Aug.   Sep.   Oct.   Nov.   Dec.   Year
 01      128    108   90.4   86.1    131   87.5    801   1250   1070    340    215    208
 02      125    106   90.4   83.3    142   90.4    760   1350   1050    354    213    185
 03      123    105   89.0   87.5    151   96.0    592   2130   1070    354    211    164
 04      121    104   87.5   84.7    158    104    524   1770   1020    382    208    156
 05      119    102   87.5   89.0    147    113    466   1480    916    369    206    151
 06      118    101   87.5   93.2    131    108    407   1190    819    351    202    147
 07      116   99.0   86.1   84.7    118    106    363   1030    751    348    198    143
 08      116    102   86.1   80.6    105    106    357   2110    694    328    193    142
 09      116    131   86.1   89.0    110    121    456   1450    755    317    193    140
 10      118    116   84.7   93.2    166    145    509   1420    843    360    191    136
 11      119    111   81.9   99.0    149    128    993   1350    911    382    189    135
 12      121    111   81.9    108    166    145   1080   1340    694    369    185    135
 13      121    110   81.9    119    156    241    764   1340    608    372    183    133
 14      121    105   81.9    113    172    189    769   1900    568    346    181    131
 15      119    102   81.9    110    154    302    620   2080    531    325    177    131
 16      119    102   81.9    131    172    256    648   1300    755    308    172    130
 17      118    101   81.9    130    224    211    624   1300    531    295    172    128
 18      118   99.0   81.9    138    149    208    677   1170    490    282    168    128
 19      116   97.5   83.3    108    138    234    760   1130    449    274    172    126
 20      113    105   80.6    105    133    322    801   1190    426    266    172    125
 21      111    128   79.3    106    142    354    962   1750    394    258    172    125
 22      111    105   78.1    108    135    394   1140   1790    388    251    168    123
 23      108    105   79.3    111    133    300   1230   1410    375    246    164    121
 24      106   99.0   79.3    105    111    407   1630   1170    357    243    156    121
 25      106   97.5   78.1    101    118    334   1990   1040    348    239    156    121
 26      105   96.0   79.3    105    111    351   1470   1080    354    236    154    119
 27      104   94.6   78.1    110    102    459   1310   1150    343    234    154    119
 28      104   93.2   78.1    114    108    656   1560   1090    337    229    153    118
 29      104          78.1    121    102    742   1630   1080    331    227    149    118
 30      110          76.8    149   91.8    682   1510   1180    331    220    160    118
 31      108          86.1          87.5          1240   1120           217           131

Min      104   93.2   76.8   80.6   87.5   87.5    357   1030    331    217    149    118   76.8
Mean     115    105   82.7    105    136    266    924   1390    617    301    180    136    363
Max      128    131   90.4    149    224    742   1990   2130   1070    382    215    208   2130

