Station number: 420
Location:       Kotagaon Shringe                                                  Latitude: 27 45 00
River:          Kali Gandaki                                                     Longitude: 84 20 50

Year:           1973

                                    Mean daily discharge in m3/s
                                    ============================

Day     Jan.   Feb.   Mar.   Apr.   May    Jun.   Jul.   Aug.   Sep.   Oct.   Nov.   Dec.   Year
 01      117    108    130    105    140    174    758   1580    991    981    443    232
 02      117    106    112    104    138    160    649   1700   1160   1010    437    230
 03      116    105    104    101    129    162    665   1510   1150   2970    424    223
 04      115    104    100    103    134    165    637   1710   1010   6010    415    219
 05      115    103   96.1    100    148    179   1170   2650    911   4180    409    214
 06      115    101   96.1    100    135    233   1170   2130    981   2870    392    212
 07      115    101    104    103    148    267    793   1900   1030   2150    374    210
 08      116    100    135   98.7    200    183    649   2100    976   1580    366    206
 09      122    100    123    101    179    405    568   1800    945   1480    360    204
 10      123    103    110   98.7    186    323    554   1650    821   1520    357    202
 11      120    100    106    108    177    281    515   1770    956   1110    346    198
 12      117   98.7    105    108    170    396    518   1920   3450   1200    333    196
 13      119   97.4    105    109    152    526    561   1700   4790   2210    333    194
 14      119   97.4    101    110    141    625    587   1390   2570   3220    320    192
 15      116   97.4   98.7    113    165    518    711   1250   2280   1800    315    188
 16      115   96.1   98.7    108    155    529    753   1120   2000   1270    294    188
 17      113   94.8   97.4    103    153    539    690   1050   2500   1160    294    186
 18      112   92.5   97.4   98.7    145    533    793   1770   2790    973    294    182
 19      112   92.5   97.4   98.7    138    561    784   1570   1760    910    286    180
 20      112   91.3   96.1    105    129    539    740   1190   1510    827    281    178
 21      112   91.3   96.1    116    122    617    775   1070   1290    733    276    176
 22      115   91.3   94.8    122    126    505    690   1060   1310    693    267    176
 23      115   90.1   92.5    123    190    522    657   1040   1190    651    262    170
 24      110   90.1   92.5    126    157    550    981    915   1260    612    257    168
 25      109   91.3   93.7    136    153    580   1530    854   1300    560    255    164
 26      108   91.3   98.7    143    269    854   1830    872   1470    553    250    164
 27      106   94.8    100    150    295    966   1980    966   1390    540    241    163
 28      105    112    103    172    293    915   1410    877   1160    513    239    161
 29      109           105    148    244    925   1150   1040   1050    496    236    159
 30      115           108    135    216   1010   1180   1060    991    477    234    157
 31      113           108           214          1210   1030           455           157

Min      105   90.1   92.5   98.7    122    160    515    854    821    455    234    157   90.1
Mean     114   97.9    103    115    172    491    892   1430   1570   1470    320    189    580
Max      123    112    135    172    295   1010   1980   2650   4790   6010    443    232   6010

