Station number: 420
Location:       Kotagaon Shringe                                                  Latitude: 27 45 00
River:          Kali Gandaki                                                     Longitude: 84 20 50

Year:           1983

                                    Mean daily discharge in m3/s
                                    ============================

Day     Jan.   Feb.   Mar.   Apr.   May    Jun.   Jul.   Aug.   Sep.   Oct.   Nov.   Dec.   Year
 01     96.7   87.3   70.2   63.4   84.0    122    333    954    892    575    281    153
 02     96.7   86.2   70.2   63.4   87.3    119    465   1400   1050    533    276    151
 03     95.5   85.1   70.2   63.4   85.1    129    500   1130    823    568    271    150
 04     94.2   82.8   70.2   64.4   89.6    143    513    982   1160    533    267    146
 05     93.0   81.7   69.2   62.4   86.2    141    446    973   1100    477    259    144
 06     91.8   80.6   68.3   62.4   96.7    146    406    927   1510    443    255    143
 07     90.7   80.6   67.3   62.4    126    146    333    919   1470    418    248    139
 08     89.6   80.6   66.3   64.4    122    136    317    798   1230    412    243    136
 09     89.6   78.5   68.3   64.4    212    166    281    806   1180    465    239    134
 10     89.6   78.5   68.3   63.4    141    136    221    959   1050    618    234    133
 11     88.4   76.4   70.2   63.4    116    121    349   1000   1110    611    230    133
 12     88.4   75.4   69.2   66.3    118    119    262    982   2560   1190    225    129
 13     89.6   75.4   68.3   65.3    163    113    252    932   1440   1220    221    129
 14     88.4   75.4   67.3   66.3    133    104    271    857   1200    798    216    126
 15     87.3   75.4   66.3   66.3    110    107    395    733   1090    666    212    122
 16     87.3   74.4   68.3   67.3    184    119    506    733   1000    589    208    121
 17     86.2   72.3   67.3   66.3    161    126   1050    709   1040    530    204    119
 18     85.1   70.2   67.3   64.4    139    116    936    733   1050    480    200    116
 19     85.1   70.2   68.3   65.3    136    126    733    733   1420    449    196    115
 20     85.1   70.2   67.3   69.2    124    119    798    733   1940    424    192    113
 21     84.0   68.3   70.2   65.3    138    119    717    705   1720    401    188    113
 22     84.0   68.3   73.3   64.4    166    134    655    607   1440    392    184    112
 23     82.8   69.2   74.4   63.4    164    139    590    584   1590    377    180    110
 24     82.8   70.2   71.2   68.3    161    146    547    659   1340    366    176    109
 25     82.8   70.2   69.2   68.3    150    153    823    685   1160    360    172    109
 26     81.7   72.3   68.3   67.3    136    150   1380    733    982    341    168    110
 27     81.7   70.2   68.3   68.3    126    188   1470    721    857    328    164    139
 28     82.8   70.2   66.3   64.4    119    487   1160    670    741    317    163    129
 29     87.3          65.3   86.2    129    468    923    733    670    307    161    119
 30     94.2          64.4   87.3    129    404    749    765    611    297    157    116
 31     89.6          63.4           121           717    733           289           113

Min     81.7   68.3   63.4   62.4   84.0    104    221    584    611    289    157    109   62.4
Mean    88.1   75.6   68.5   66.6    131    165    616    825   1210    509    213    127    342
Max     96.7   87.3   74.4   87.3    212    487   1470   1400   2560   1220    281    153   2560

