Station number: 420
Location:       Kotagaon Shringe                                                  Latitude: 27 45 00
River:          Kali Gandaki                                                     Longitude: 84 20 50

Year:           1976

                                    Mean daily discharge in m3/s
                                    ============================

Day     Jan.   Feb.   Mar.   Apr.   May    Jun.   Jul.   Aug.   Sep.   Oct.   Nov.   Dec.   Year
 01      118   95.1   73.5   66.1    113    150   1180    814   1420    557    279    181
 02      115   95.1   74.7   66.1    119    360    814    875   2020    527    279    181
 03      113   93.6   77.2   66.1    116    227    670    717   1600    516    274    179
 04      116   93.6   79.9   64.9    107    204    709    670   1330    505    276    177
 05      113   90.7   81.2   63.7    104    312    693   1100   1260    501    274    175
 06      113   93.6   81.2   63.7   99.6    338    644   1160   1140    480    269    172
 07      110    110   78.6   63.7   89.2    349    586   1080   1190    473    266    168
 08      110   98.1   75.9   63.7    107    274    568    923   1260    487    269    166
 09      109   93.6   74.7   64.9    106    236    530    932   1150    470    263    164
 10      109   93.6   73.5   69.8   89.2    279    640    844   1140    439    258    162
 11      109   92.2   71.0   71.0   92.2    455    663   1010    972    410    256    160
 12      109   90.7   72.2   67.4    134    380    561   1190    931    394    258    162
 13      107   89.2   71.0   67.4    129    312   1020    823    962    375    248    156
 14      106   89.2   71.0   69.8    121    262   1100    814    982    385    243    156
 15      104   89.2   71.0   74.7    122    262   1340    705    921    369    243    154
 16      104   89.2   69.8   69.8    136    225   1180    848    838    357    236    153
 17      107   90.7   69.8   67.4    128    216   1260    853    806    357    229    151
 18      110   90.7   71.0   70.2    109    216   1190    818    783    348    220    149
 19      116   86.5   69.8   71.0    124    206    905    831    733    360    217    147
 20      116   85.2   69.8   69.8    161    198    789    861    729    343    215    145
 21      110   83.9   69.8   79.9    143    182    823    814    751    325    211    128
 22      107   82.6   69.8   86.5    134    166    789   1020    682    325    208    142
 23      106   79.9   68.6   85.2    133    170   1040   1250    673    322    204    140
 24      104   78.6   67.4   82.6    155    188    725   2730    632    297    202    140
 25      103   78.6   66.1   95.1    146    286   1080   1870    588    300    200    138
 26      101   78.6   68.6   93.6    128    363   1160   1620    564    302    202    138
 27      101   77.2   68.6   99.6    138    383    927   1420    624    300    198    136
 28     99.6   75.9   69.8    103    129    513    888   1220    640    292    193    135
 29     98.1   74.7   68.6    101    126   1270    836   1090    561    287    191    133
 30     98.1          67.4    122    143   1340   1110   1100    531    284    185    131
 31     96.6          66.1           151           831   1090           282           131

Min     96.6   74.7   66.1   63.7   89.2    150    530    670    531    282    185    128   63.7
Mean     108   88.3   71.9   76.7    124    344    879   1070    947    386    236    153    373
Max      118    110   81.2    122    161   1340   1340   2730   2020    557    279    181   2730

