Station number: 420
Location:       Kotagaon Shringe                                                  Latitude: 27 45 00
River:          Kali Gandaki                                                     Longitude: 84 20 50

Year:           1965

                                    Mean daily discharge in m3/s
                                    ============================

Day     Jan.   Feb.   Mar.   Apr.   May    Jun.   Jul.   Aug.   Sep.   Oct.   Nov.   Dec.   Year
 01      134    109   98.7   98.7    120    141    839   1050   1310    417    253    162
 02      134    109   96.1    104    125    146    557   1200   1170    402    249    158
 03      134    109   92.5    104    119    162    515   1470   1210    390    253    158
 04      134    108   90.1    108    110    179    565   1530   1010    378    249    153
 05      130    106   90.1    101    106    179    744   1190    896    381    249    152
 06      128    106   91.3    100    105    181    758   1030    915    396    249    152
 07      125    108   91.3    103    104    169    711    877    839    384    244    152
 08      126    108   92.5    100    109    152    775    793    835    353    227    150
 09      122    108   91.3    100    106    136    719    858    986    340    227    148
 10      123    108   90.1    103    100    136    617   1100    966    331    225    146
 11      120    106   87.7    110   97.4    174    706   1040   1020    326    221    145
 12      120    108   85.3    115   97.4    179    732   1120    891    316    218    143
 13      120    108   85.3    119   96.1    192    784   1020    793    305    218    141
 14      120    108   84.1    119    103    227    789    935    711    295    218    141
 15      120    108   84.1    115    101    231    771   1960    657    297    216    140
 16      120    106   84.1    109    101    276    625   1890    617    297    206    138
 17      119    106   82.9    109    120    436    550   1410    609    295    204    135
 18      120    106   85.3    119    120    356    565   1220    583    295    202    134
 19      119    108   86.5    130    138    384    590    996    575    295    194    132
 20      117    106   94.8    145    120    274    702    877    565    300    188    130
 21      119    113   96.1    119    115    329    641   1610    557    288    186    129
 22      120    108   98.7    103    122    276    690   2090    548    274    185    129
 23      120    103   94.8   90.1    115    300    637   1360    533    267    181    128
 24      119    100   94.8   91.3    112    303    793   1170    518    264    179    128
 25      119    100    100    103    115    316    868   1100    512    260    176    126
 26      116    100   97.4    105    116    481    825   1090    512    253    174    125
 27      113    100   96.1    100    116    617    762   1150    539    249    170    123
 28      112    100   96.1   97.4    117    723    702   1610    494    244    167    122
 29      110          96.1   98.7    120    971    698   4440    461    240    165    122
 30      110          94.8    108    126    981   1260   2140    442    240    164    120
 31      109          94.8           128          1720   1570           262           120

Min      109    100   82.9   90.1   96.1    136    515    793    442    240    164    120   82.9
Mean     121    106   91.7    108    113    320    749   1380    742    311    209    138    366
Max      134    113    100    145    138    981   1720   4440   1310    417    253    162   4440

