Station number: 420
Location:       Kotagaon Shringe                                                  Latitude: 27 45 00
River:          Kali Gandaki                                                     Longitude: 84 20 50

Year:           1977

                                    Mean daily discharge in m3/s
                                    ============================

Day     Jan.   Feb.   Mar.   Apr.   May    Jun.   Jul.   Aug.   Sep.   Oct.   Nov.   Dec.   Year
 01      128    110   90.4    102    113    224    407   1140   1650    470    302    196
 02      128    108   89.0    102    111    227    433   1170   1410    473    300    193
 03      126    106   87.5    105    114    224    407   1490   1290    561    297    183
 04      126    105   87.5    106    114    206    516   2140   1160    527    300    185
 05      125    106   87.5    108    125    241    699   1300   1080    516    308    170
 06      125    108   87.5    119    123    246    699   1070    982    520    289    179
 07      123    108   86.1    111    125    229    665   1260   1180    477    284    179
 08      125    105   87.5    101    135    229    656   1330   1160    459    282    177
 09      125    104   91.8   99.0    135    224    724   1270   1120    477    274    175
 10      126    104   94.6   94.6    126    206   1100   1080   1090    466    261    170
 11      126    104   96.0   99.0    153    208   1220   1140   1210    452    261    168
 12      126    102   93.2    110    147    196    967   1240   1210    420    251    166
 13      121    102   90.4    110    135    177   1210   1440    962    404    248    164
 14      121    102   93.2    104    128    175   1410   3460   1000    394    246    162
 15      121    102   91.8    108    131    189   1310   3030    941    385    241    162
 16      119    104   90.4    111    133    181   1100   2200    843    416    241    160
 17      118    105   90.4    116    128    168    982   1930    792    388    239    156
 18      116    104   91.8    114    125    156    988   1670    733    372    234    156
 19      114    104   89.0    110    118    164   1280   1460    677    357    231    154
 20      114    104   89.0    108    136    208   1220   1290    716    363    229    153
 21      118   99.0   86.1    110    206    261   1210   1390    673    348    224    151
 22      119   96.0   84.7    111    181    187   1160   1520    652    334    215    149
 23      116   94.6   86.1    102    189    531   1170   1520    665    331    215    145
 24      114   93.2   93.2    104    177    343   1140   1430    608    322    211    145
 25      114   93.2   94.6    143    179    325   1170   1720    576    317    206    143
 26      126   93.2   94.6    164    189    369   1110   3480    538    314    206    142
 27      119   91.8   91.8    143    166    325   1160   3500    520    320    204    151
 28      119   90.4   93.2    125    164    320   1170   2750    501    308    204    147
 29      114          91.8    130    187    351   1240   3920    498    305    202    154
 30      111          91.8    123    196    366   1210   3030    494    302    198    153
 31      110           104           220           936   2090           289           151

Min      110   90.4   84.7   94.6    111    156    407   1070    494    289    198    142   84.7
Mean     120    102   90.9    113    149    249    989   1890    898    400    247    163    450
Max      128    110    104    164    220    531   1410   3920   1650    561    308    196   3920

