Station number: 420
Location:       Kotagaon Shringe                                                  Latitude: 27 45 00
River:          Kali Gandaki                                                     Longitude: 84 20 50

Year:           1972

                                    Mean daily discharge in m3/s
                                    ============================

Day     Jan.   Feb.   Mar.   Apr.   May    Jun.   Jul.   Aug.   Sep.   Oct.   Nov.   Dec.   Year
 01      116   87.1   71.0   79.5   72.2    131    323   1140    686    439    262    160
 02      116   85.8   71.0   74.6   69.9    131    383   1200    661    420    246    155
 03      114   84.4   69.9   69.9   68.8    133    599   1600    673    402    238    153
 04      113   87.1   69.9   66.6   68.8    160    973   1490   1240    390    235    152
 05      113   87.1   72.2   66.6   73.4    191   1100   1300   1460    373    231    152
 06      111   87.1   88.4   66.6   67.7    154    567   1220   1480    356    233    152
 07      110   88.4    101   66.6   65.5    141    679   1280   1590    378    229    150
 08      108   85.8   84.4   64.4   69.9    123    688   1360   1320    408    223    148
 09      105   83.1   79.5   64.4   75.8    117    623   1500   1160    384    218    148
 10      105   81.9   77.0   65.5   75.8    113    563   1490   1130    350    218    145
 11      104   81.9   73.4   67.7   79.5    116    480   1420    986    342    216    143
 12      104   80.7   72.2   74.6   84.4    111    445   1480    891    329    210    141
 13      102   80.7   72.2   66.6   87.1    108    435   1320    961    323    208    138
 14      101   99.3   72.2   67.7   91.1    138    425   1160   1100    318    206    138
 15      101    107   71.0   66.6    101    202    418   1040   1260    316    204    136
 16     99.3   89.8   68.8   72.2    108    196    425    950   1050    308    198    135
 17     97.9   84.4   68.8   73.4    105    238   1130    906    882    300    194    135
 18     95.1   80.7   69.9   84.4    123    280   3440    891    793    293    188    134
 19     92.4   80.7   67.7   83.1    111    579   3390    789    715    283    186    132
 20     92.4   78.3   67.7   73.4    110    435   3030    736    669    274    181    130
 21     91.1   78.3   69.9   67.7    113    377   1530    723    617    269    179    129
 22     91.1   77.0   69.9   64.4    117    364   1510    625    583    260    179    129
 23     91.1   75.8   66.6   63.3    124    571   1510    602    547    255    177    129
 24     89.8   75.8   65.5   64.4    129    386   1180    727    533    253    172    125
 25     88.4   75.8   65.5   64.4    136    364   1080    736    561    244    170    123
 26     87.1   73.4   68.8   65.5    149    288   1140    758    587    242    170    123
 27     87.1   73.4   77.0   68.8    156    280   1160    835    539    238    170    122
 28     85.8   72.2   84.4   69.9    164    285   1300    961    518    235    170    120
 29     87.1   73.4   79.5   69.9    140    418   1670    882    494    246    164    120
 30     91.1          79.5   72.2    133    343   1400    762    468    262    162    120
 31     88.4          83.1           131          1370    694           297           119

Min     85.8   72.2   65.5   63.3   65.5    108    323    602    468    235    162    119   63.3
Mean    99.3   82.6   74.1   69.5    103    249   1130   1050    872    316    201    137    365
Max      116    107    101   84.4    164    579   3440   1600   1590    439    262    160   3440

