2008          Temperature for LETE                    
        Tmax  Tmin
     1  12.0  -1.5 
     2  12.0  -4.0 
     3  12.0  -4.5 
     4  13.5   1.5 
     5  15.5  -2.5 
     6  11.5   1.5 
     7  16.5   0.0 
     8  18.0   0.2 
     9  11.0   0.3 
    10  14.0   2.5 
    11  11.5   2.5 
    12  13.0   0.0 
    13  11.5   0.0 
    14  11.5   1.0 
    15  12.5   0.0 
    16  18.0   0.0 
    17  11.5   1.0 
    18   9.5   0.3 
    19  10.0   0.0 
    20   9.0   0.0 
    21   8.5   0.3 
    22   4.5  -1.0 
    23   5.5  -1.0 
    24   6.0  -2.0 
    25   2.5  -2.0 
    26   3.5  -1.0 
    27   4.5  -0.5 
    28   9.0   1.0 
    29   4.5  -2.0 
    30   2.0  -3.0 
    31   1.0  -3.0 
    32   9.0   0.0 
    33   6.0  -0.5 
    34   6.5  -3.0 
    35   9.5  -0.3 
    36  10.5  -0.6 
    37  13.0  -0.4 
    38  11.5  -0.2 
    39  15.5  -0.2 
    40  10.5   1.0 
    41  12.5  -4.0 
    42  12.5  -4.5 
    43  11.0  -0.5 
    44  10.0  -0.2 
    45  12.5  -0.5 
    46   7.5  -2.0 
    47  10.0  -2.5 
    48   6.5   0.0 
    49   7.5   1.0 
    50   4.5  -1.5 
    51  10.5  -0.4 
    52  15.0  -1.0 
    53  12.0   0.0 
    54  12.0   2.2 
    55  12.5   0.0 
    56  11.5   0.0 
    57  10.5  -0.5 
    58  10.5   0.0 
    59  14.3   1.5 
    60  15.5   4.0 
    61  12.0   2.0 
    62  11.0   5.0 
    63   9.0   4.0 
    64  12.0   0.5 
    65  14.5   0.0 
    66  14.5   1.0 
    67  14.5   2.0 
    68  12.5   0.0 
    69  15.5   2.0 
    70  18.0   1.5 
    71  17.5   5.0 
    72  20.0   6.5 
    73  20.0   7.5 
    74  15.0   5.5 
    75  16.0   3.5 
    76  17.0   3.2 
    77  16.0   2.0 
    78  13.0   3.5 
    79  16.0   4.0 
    80  13.5   2.0 
    81  15.0   2.5 
    82  16.0   3.0 
    83  16.0   2.5 
    84  14.6   4.0 
    85  18.0   4.0 
    86  18.0   3.0 
    87  17.0   3.0 
    88  16.0   3.4 
    89  15.0   5.0 
    90  16.0   2.0 
    91  16.0   3.5 
    92  13.5   2.5 
    93  13.6   3.0 
    94  14.5   3.0 
    95  13.5   1.5 
    96  14.0   2.5 
    97   9.2   3.0 
    98  15.0   2.0 
    99  19.0   4.0 
   100  19.5   5.5 
   101  20.5   6.5 
   102  19.0   1.0 
   103  16.5   5.5 
   104  16.5   4.5 
   105  18.0   5.0 
   106  19.5   5.5 
   107  19.5   6.5 
   108  19.0   5.5 
   109  19.5   5.0 
   110  20.5   5.0 
   111  21.0   6.5 
   112  21.0   7.0 
   113  21.0   7.5 
   114  20.5   9.5 
   115  21.6   9.5 
   116  21.0   9.0 
   117  23.5   8.5 
   118  21.5   7.5 
   119  21.0   6.0 
   120  22.2   9.0 
   121  22.5   9.0 
   122  21.0   7.0 
   123  21.0   7.0 
   124  20.5   8.0 
   125  20.0   8.0 
   126  18.0   7.0 
   127  20.0   8.0 
   128  20.5   6.0 
   129  19.5   7.5 
   130  18.5   7.0 
   131  16.0   7.0 
   132  20.2   7.0 
   133  17.2   6.0 
   134  19.5   7.5 
   135  20.0   6.5 
   136  21.0   6.0 
   137  19.0  10.0 
   138  18.5   7.5 
   139  21.0   9.5 
   140  18.0   7.0 
   141  18.0   6.5 
   142  17.5   9.0 
   143  15.5   7.5 
   144  14.5   8.0 
   145  17.5  10.0 
   146  18.5  10.0 
   147  19.5   8.0 
   148  21.0   9.0 
   149  21.6   9.5 
   150  22.0   9.0 
   151  20.5   8.0 
   152  20.5   8.0 
   153  21.0  10.0 
   154  22.0  10.0 
   155  21.0  10.0 
   156  21.0   9.0 
   157  18.0  12.5 
   158  19.0  13.0 
   159  17.0  12.0 
   160  18.6  13.0 
   161  19.6  12.5 
   162  20.5  12.0 
   163  18.0  13.0 
   164  20.5  14.0 
   165  21.0  14.5 
   166  20.0  13.0 
   167  19.0  13.0 
   168  19.5  13.0 
   169  21.0  12.0 
   170  21.5  12.0 
   171  21.0  13.0 
   172  18.0  13.0 
   173  19.5  12.0 
   174  19.0  13.0 
   175  19.0  14.0 
   176  19.5  13.0 
   177  22.0  12.5 
   178  24.0  13.5 
   179  20.5  15.0 
   180  16.5  13.0 
   181  16.0  12.0 
   182  18.0  13.5 
   183  17.0  13.5 
   184  19.0  14.5 
   185  18.5  14.5 
   186  20.0  14.0 
   187  22.5  13.0 
   188  22.0  13.5 
   189  20.5  14.0 
   190  22.6  13.5 
   191  22.0  13.5 
   192  21.0  14.5 
   193  20.5  11.0 
   194  22.0  12.5 
   195  18.4  14.5 
   196  19.0  15.5 
   197  18.0  13.0 
   198  19.5  12.0 
   199  19.0  14.0 
   200  19.0  14.0 
   201  19.5  13.5 
   202  17.5  13.5 
   203  17.0  13.0 
   204  20.0  12.0 
   205  19.5  14.0 
   206  16.2  14.5 
   207  16.0  13.0 
   208  17.5  13.5 
   209  18.0  12.5 
   210  20.0  13.0 
   211  21.5  14.0 
   212  18.5  14.5 
   213  20.0  12.0 
   214  21.3  14.0 
   215  23.0  14.5 
   216  19.2  13.5 
   217  19.5  13.0 
   218  21.0  13.0 
   219  20.5  13.5 
   220  18.5  12.5 
   221  18.5  13.0 
   222  24.5  14.0 
   223  24.5  13.0 
   224  21.0  13.0 
   225  19.5  13.0 
   226  18.0  14.0 
   227  18.0  13.0 
   228  17.0  13.0 
   229  18.0  12.5 
   230  20.5  14.0 
   231  21.0  13.5 
   232  17.0  13.0 
   233  18.0  14.0 
   234  19.0  13.0 
   235  17.5  13.5 
   236  18.5  12.5 
   237  20.5  12.5 
   238  21.5  13.5 
   239  21.0  12.0 
   240  18.0  12.5 
   241  16.5  13.0 
   242  16.0  13.0 
   243  20.0  13.0 
   244  21.0  11.5 
   245  21.0  12.0 
   246  20.5  11.0 
   247  21.0  10.5 
   248  20.5  10.5 
   249  20.0   9.0 
   250  18.0  11.0 
   251  20.0   9.0 
   252  22.0  11.0 
   253  20.5  10.0 
   254  21.0  10.0 
   255  22.0  10.5 
   256  21.5  11.0 
   257  20.5  13.5 
   258  19.5  11.5 
   259  18.5  12.5 
   260  22.0  11.5 
   261  21.5  11.0 
   262  19.0  12.0 
   263  17.0  12.5 
   264  16.5  10.0 
   265  18.5   9.0 
   266  18.0  10.5 
   267  20.5  10.0 
   268  19.5   9.5 
   269  20.0   9.5 
   270  21.0   8.5 
   271  22.0   7.0 
   272  22.0   9.0 
   273  17.5  10.5 
   274  20.0  10.0 
   275  21.5   9.5 
   276  21.0  10.0 
   277  20.5   9.5 
   278  20.5   9.0 
   279  19.3  10.0 
   280  16.6   8.0 
   281  18.0   8.0 
   282  18.0   7.5 
   283  16.0   7.5 
   284  17.5   7.0 
   285  18.0   6.0 
   286  18.5   6.5 
   287  19.5   7.0 
   288  19.5   6.5 
   289  18.5   6.0 
   290  19.0   6.0 
   291  19.5   5.5 
   292  18.5   5.0 
   293  18.5   4.5 
   294  19.5   5.0 
   295  19.0   5.2 
   296  17.5   4.5 
   297  16.6   4.0 
   298  17.5   4.0 
   299  16.0   4.0 
   300  16.5   4.5 
   301  20.0   4.0 
   302  20.2   4.0 
   303  16.0   4.0 
   304  15.0   4.5 
   305  15.0   4.5 
   306  17.0   3.5 
   307  19.0   5.5 
   308  18.5   6.5 
   309  14.0   7.5 
   310  15.0   3.0 
   311  18.5   1.0 
   312  19.0   6.0 
   313  19.0   5.5 
   314  21.5   6.0 
   315  21.5   6.0 
   316  19.0   5.0 
   317  15.0   2.0 
   318  15.0   4.0 
   319  19.0   2.5 
   320  19.5   3.0 
   321  19.0   2.5 
   322  18.0   3.0 
   323  19.0   4.0 
   324  15.5   3.5 
   325  15.0   2.5 
   326  12.0   2.0 
   327  13.0   1.0 
   328  13.0   2.0 
   329  11.0   1.0 
   330  11.0   0.0 
   331  13.0   1.0 
   332  13.5   1.0 
   333  14.0   0.5 
   334  13.5   0.5 
   335  14.5   1.0 
   336  14.0   1.5 
   337  13.5   1.0 
   338  13.0   0.0 
   339  12.0   0.0 
   340  13.5   0.0 
   341  13.0   0.0 
   342  14.0   0.5 
   343  11.5   0.0 
   344  14.5   2.0 
   345  16.0   2.5 
   346  14.5   1.0 
   347  15.0   0.0 
   348  13.5   0.0 
   349  15.5   1.0 
   350  18.5   2.5 
   351  17.0   2.0 
   352  19.0   2.0 
   353  23.0   4.0 
   354  24.0   5.5 
   355  24.0   6.0 
   356  14.0   5.0 
   357  11.5   1.5 
   358  11.5  -0.5 
   359   9.0  -3.0 
   360  11.0   4.5 
   361   5.5   1.0 
   362   8.5  -1.0 
   363   8.0  -1.0 
   364   9.0   0.0 
   365   9.0   0.0 
   366   8.0   0.0 
