2004          Temperature for LETE                    
        Tmax  Tmin
     1  10.5  -0.5 
     2  10.5  -1.5 
     3  10.5  -1.0 
     4  10.0  -2.0 
     5   9.5  -1.0 
     6   8.5   0.0 
     7  11.5  -0.5 
     8  11.0  -7.0 
     9  11.0  -1.5 
    10  11.0  -1.5 
    11  11.5   0.5 
    12  11.5  -1.5 
    13   6.0   1.5 
    14   8.0   1.5 
    15  10.5  -2.5 
    16   9.0  -2.0 
    17  10.5  -2.5 
    18   9.5  -0.5 
    19  11.5  -1.5 
    20  12.0  -1.0 
    21   7.5  -2.5 
    22   9.5   0.0 
    23   9.0   3.0 
    24   6.5   0.0 
    25   5.5  -3.0 
    26   7.0  -4.0 
    27   6.5  -4.0 
    28  10.5  -3.0 
    29   7.5  -1.5 
    30   9.5  -1.0 
    31   7.5   0.5 
    32   8.5  -1.5 
    33   9.0  -3.5 
    34  10.0  -3.0 
    35  10.0  -3.0 
    36   8.5  -1.5 
    37   2.5  -3.0 
    38   7.5  -0.5 
    39   8.0  -0.2 
    40  13.5   1.0 
    41   9.0   0.5 
    42  13.0   0.5 
    43  13.5   1.0 
    44  13.0   0.0 
    45  11.0   0.0 
    46   9.5   0.0 
    47  17.0   0.0 
    48  12.0   3.0 
    49  10.0   2.0 
    50   8.0   0.0 
    51  10.5   0.0 
    52  12.0   0.5 
    53  12.0   1.0 
    54  15.0   1.0 
    55  15.5   2.0 
    56  16.0   1.5 
    57  16.0   2.5 
    58  16.5   5.0 
    59  15.0   3.5 
    60  17.0   4.0 
    61  17.5   4.0 
    62  18.0   4.5 
    63  18.0   3.5 
    64  17.0   5.0 
    65  19.0   5.0 
    66  17.0   3.0 
    67  18.5   4.0 
    68  21.5   2.5 
    69  21.0   3.0 
    70  17.5   4.0 
    71  15.0   3.0 
    72  11.5   7.0 
    73  17.0   4.0 
    74  16.5   5.0 
    75  16.5   6.0 
    76  18.0   6.0 
    77  20.5   5.0 
    78  18.5   4.5 
    79  20.0   7.5 
    80  23.5   9.0 
    81  20.0  11.0 
    82  21.5   9.5 
    83  23.0   9.5 
    84  22.5   6.0 
    85  22.0   6.0 
    86  22.5   3.5 
    87  18.0   4.5 
    88  19.5   4.5 
    89  20.5   5.0 
    90  18.5   4.5 
    91  16.0   5.0 
    92  19.5   5.0 
    93  16.0   4.5 
    94  19.0   6.5 
    95  19.0   8.0 
    96  20.0   6.5 
    97  20.0   8.5 
    98  20.0   6.0 
    99  17.0   7.0 
   100  17.5   5.5 
   101  21.0   7.0 
   102  21.5   8.0 
   103  20.5   8.5 
   104  20.0   8.0 
   105  19.0   7.0 
   106  21.0   7.5 
   107  21.0   8.0 
   108  21.0   9.0 
   109  20.0   7.5 
   110  20.0   7.5 
   111  20.5  10.0 
   112  20.5   8.5 
   113  17.5   8.0 
   114  13.5   6.0 
   115  14.0   6.0 
   116  15.0   3.0 
   117  18.0   7.0 
   118  15.5   9.0 
   119  18.5   8.5 
   120  17.0   6.5 
   121  14.0   7.0 
   122  19.5   3.0 
   123  17.0   3.5 
   124  19.0   6.0 
   125  18.0   7.0 
   126  17.5   7.0 
   127  21.5  10.0 
   128  22.5   9.0 
   129  21.5   9.5 
   130  21.5  10.5 
   131  21.0  12.0 
   132  22.5  10.0 
   133  22.5  11.0 
   134  22.0  10.0 
   135  23.0  15.0 
   136  24.5  13.0 
   137  24.5  13.0 
   138  24.0  15.5 
   139  23.0  13.0 
   140  20.5  12.0 
   141  16.5  12.0 
   142  18.5   9.5 
   143  16.0   9.0 
   144  16.0   9.5 
   145  17.0   8.5 
   146  16.0   8.0 
   147  17.5   9.0 
   148  18.0   9.5 
   149  18.0  10.0 
   150  19.0  10.0 
   151  18.5  11.0 
   152  19.0  11.5 
   153  18.0  12.0 
   154  16.5  11.0 
   155  18.5  11.0 
   156  19.5  10.0 
   157  16.0  11.0 
   158  16.5  11.5 
   159  17.0  10.5 
   160  18.0  12.0 
   161  19.5  10.0 
   162  20.0  10.5 
   163  21.0  11.5 
   164  22.5  12.0 
   165  23.0  10.0 
   166  22.0  11.5 
   167  21.5  10.0 
   168  20.5   9.0 
   169  20.0  10.0 
   170  21.0   9.0 
   171  20.0  10.5 
   172  19.5  11.0 
   173  19.5  14.0 
   174  21.5  14.0 
   175  20.0  14.0 
   176  21.0  12.0 
   177  21.0  11.5 
   178  22.0  11.0 
   179  22.0  11.5 
   180  23.0  11.0 
   181  23.5  13.5 
   182  23.5  13.5 
   183  18.0  15.5 
   184  22.0  14.0 
   185  17.0  14.0 
   186  20.5  12.0 
   187  18.5  15.0 
   188  19.0  14.5 
   189  19.0  15.0 
   190  16.5  13.0 
   191  18.5  12.0 
   192  19.5  14.5 
   193  16.5  14.5 
   194  19.5  13.0 
   195  18.0  13.0 
   196  18.0  13.0 
   197  17.5  13.0 
   198  19.5  14.0 
   199  20.0  13.0 
   200  19.0  14.0 
   201  19.0  14.0 
   202  19.5  14.0 
   203  19.0  13.0 
   204  17.0  10.0 
   205  19.0  14.0 
   206  20.0  13.5 
   207  15.0  14.0 
   208  19.0  13.5 
   209  17.0  14.0 
   210  17.0  13.0 
   211  19.0  11.5 
   212  20.0  14.0 
   213  20.0  13.0 
   214  20.5  14.0 
   215  21.5  13.0 
   216  20.5  13.5 
   217  20.5  12.5 
   218  18.5  14.5 
   219  20.5  14.5 
   220  20.5  15.0 
   221  19.0  14.5 
   222  21.0  14.5 
   223  21.0  14.0 
   224  21.0  13.0 
   225  19.5  13.5 
   226  22.0  13.5 
   227  21.0  13.5 
   228  22.0  14.0 
   229  21.0  14.0 
   230  22.5  14.0 
   231  21.0  14.5 
   232  18.0  14.5 
   233  17.0  13.5 
   234  18.5  14.0 
   235  21.5  13.5 
   236  21.0  11.5 
   237  21.0  12.0 
   238  20.5  13.5 
   239  21.5  10.3 
   240  22.5  14.5 
   241  17.5  15.0 
   242  21.5  15.0 
   243  17.5  15.5 
   244  19.5  15.0 
   245  21.0  15.0 
   246  21.5  15.0 
   247  21.0  15.0 
   248  20.5  15.0 
   249  22.0  12.5 
   250  21.0  14.5 
   251  21.5  15.0 
   252  21.0  15.5 
   253  21.0  15.0 
   254  20.0  14.0 
   255  18.5  12.0 
   256  20.0  12.3 
   257  21.0  10.5 
   258  19.0  12.0 
   259  20.5  10.5 
   260  18.5  11.0 
   261  18.0  10.5 
   262  19.0  11.0 
   263  20.0  10.0 
   264  16.0  12.0 
   265  16.5  11.0 
   266  16.0  12.0 
   267  20.0  10.5 
   268  19.0  10.0 
   269  20.0  11.0 
   270  18.5  12.5 
   271  18.5  12.5 
   272  18.0  12.5 
   273  18.0  12.0 
   274  15.5  13.0 
   275  17.5  11.0 
   276  16.0  11.5 
   277  13.0  11.0 
   278  17.5   8.5 
   279  17.5  10.5 
   280  17.0   8.5 
   281  17.5  14.0 
   282  18.0   9.5 
   283  18.0   8.5 
   284  19.5   9.5 
   285  16.5  11.0 
   286  11.5   7.5 
   287  19.5   3.0 
   288  15.5   5.0 
   289  16.0   2.0 
   290  17.0   2.0 
   291  17.0   5.0 
   292  17.5   6.5 
   293  17.5   5.5 
   294  17.0   4.5 
   295  16.5   4.5 
   296  16.5   4.5 
   297  15.5   2.5 
   298  15.5   4.0 
   299  14.5   3.5 
   300  14.0   4.0 
   301  13.5   2.0 
   302  14.0   2.0 
   303  13.0   1.5 
   304  13.5   1.5 
   305  14.5   2.5 
   306  13.5   2.5 
   307  13.5   2.5 
   308  13.0   2.0 
   309  13.0   0.0 
   310  14.5   1.0 
   311  16.5   3.5 
   312  16.0   3.0 
   313  15.0   2.5 
   314  13.5   2.5 
   315  12.0   1.5 
   316  12.5   3.0 
   317  12.0   4.0 
   318  10.0   2.5 
   319  12.5   2.5 
   320  12.0   2.5 
   321  13.0   2.0 
   322  12.5   3.5 
   323  12.0   4.5 
   324  17.5   1.5 
   325  17.5   1.0 
   326  13.0   2.0 
   327  12.0   2.5 
   328   6.5   3.0 
   329  10.0   2.0 
   330  11.0   0.5 
   331  11.0   1.5 
   332  10.5   0.0 
   333  11.5   0.0 
   334  14.0  -0.3 
   335  12.0   1.0 
   336  12.0   1.5 
   337  11.5   2.0 
   338  12.0   1.0 
   339  15.0   2.5 
   340  14.0   2.5 
   341  12.0   1.0 
   342  10.5   0.0 
   343  12.5   1.5 
   344  12.0   0.0 
   345  12.5  -0.1 
   346  13.0  -0.1 
   347  12.5   0.0 
   348  12.5  -1.5 
   349  11.5  -1.0 
   350  11.5  -1.0 
   351  12.5  -1.0 
   352  14.5  -1.5 
   353  14.5  -2.0 
   354  12.0  -1.0 
   355   9.0  -3.5 
   356   8.5  -1.0 
   357   8.5  -1.0 
   358  11.5  -3.0 
   359  11.0  -3.0 
   360   8.5  -2.0 
   361   7.5  -2.0 
   362  11.0  -2.0 
   363   9.5  -1.0 
   364  13.0  -1.0 
   365  15.5  -1.0 
   366  14.5  -2.0 
