1999          Temperature for LETE                    
        Tmax  Tmin
     1  12.5  -2.0 
     2  16.5  -2.0 
     3  12.5   1.0 
     4  13.0   1.0 
     5  12.5  -1.0 
     6  11.0  -2.5 
     7   5.5  -0.5 
     8   7.0  -4.0 
     9   5.0  -3.5 
    10   8.0  -7.0 
    11  12.5  -1.0 
    12   9.5  -5.0 
    13   7.5  -1.0 
    14  12.0  -4.0 
    15  10.5  -2.0 
    16   9.0  -1.5 
    17  11.0  -2.5 
    18  11.0  -2.0 
    19  11.5  -0.5 
    20  11.0  -4.0 
    21  12.0   1.5 
    22  13.5  -0.5 
    23  13.0  -0.5 
    24  13.5  -0.5 
    25  13.5  -0.5 
    26  13.5  -0.5 
    27  11.5  -1.5 
    28  11.5   1.0 
    29  11.5   0.5 
    30   8.0  -2.0 
    31  10.0   2.0 
    32   8.5  -3.0 
    33  13.0   2.5 
    34  10.5   2.0 
    35  12.5  -1.5 
    36  13.5  -3.0 
    37  17.0  -2.0 
    38  17.5  -3.0 
    39  13.5  -1.5 
    40  11.0  -0.5 
    41  15.0  -4.0 
    42  16.5  -3.0 
    43  18.0  -4.0 
    44  18.0   5.0 
    45  20.0   4.0 
    46  18.5   5.0 
    47  19.5   5.5 
    48  20.0   4.5 
    49  18.5   3.5 
    50  17.5   4.5 
    51  18.0   1.5 
    52  16.0   2.5 
    53  19.5   2.5 
    54  16.5   3.0 
    55  14.0   1.0 
    56  11.5   4.0 
    57  11.5   3.5 
    58  14.0   2.0 
    59  12.0   2.0 
    60  15.0   1.5 
    61  18.0   2.0 
    62  18.5   3.5 
    63  19.0   5.0 
    64  18.5   5.5 
    65  20.5   7.5 
    66  20.5   7.0 
    67  19.5   6.0 
    68  20.5   4.0 
    69  20.5   5.5 
    70  19.5   5.0 
    71  16.5   1.5 
    72  16.5   1.0 
    73  23.0   2.5 
    74  16.0   4.0 
    75  16.5   4.5 
    76  19.0   4.0 
    77  19.0   2.5 
    78  21.0   2.5 
    79  19.5   1.0 
    80  19.5   3.5 
    81  19.0   3.5 
    82  19.0   1.5 
    83  16.0   3.5 
    84  15.5   3.5 
    85  14.0   2.5 
    86  16.0   2.5 
    87  19.5   4.0 
    88  17.5   4.5 
    89  16.5   6.0 
    90  18.0   6.0 
    91  22.0   7.5 
    92  19.5   7.5 
    93  21.5   6.5 
    94  21.5   7.0 
    95  21.5   8.0 
    96  19.5  10.0 
    97  20.5   6.0 
    98  17.5   7.0 
    99  17.5   5.5 
   100  19.5   5.5 
   101  20.5   7.5 
   102  21.5   8.5 
   103  23.5   7.0 
   104  22.5   9.0 
   105  21.0   5.5 
   106  21.0   6.0 
   107  21.0   6.0 
   108  18.5   6.0 
   109  20.0   7.0 
   110  20.5   7.0 
   111  22.0   8.5 
   112  23.5  10.0 
   113  24.5  10.0 
   114  25.0  10.0 
   115  25.0  11.0 
   116  24.5  11.0 
   117  24.5  11.5 
   118  25.0  10.0 
   119  24.5  10.5 
   120  22.0  11.0 
   121  20.0   9.0 
   122  21.0   9.0 
   123  24.0  10.5 
   124  22.5  11.0 
   125  24.5  12.5 
   126  23.0  11.5 
   127  23.0   9.5 
   128  22.5  10.5 
   129  22.0   9.0 
   130  16.0   9.0 
   131  17.0   8.0 
   132  15.0   9.5 
   133  14.0  10.0 
   134  13.0   8.0 
   135  16.5   6.5 
   136  17.0   9.0 
   137  21.5   9.5 
   138  16.5  10.5 
   139  18.5   8.0 
   140  19.0   9.0 
   141  17.5  11.5 
   142  19.5  12.5 
   143  22.0  14.0 
   144  21.0  10.0 
   145  23.5  14.0 
   146  21.5  14.0 
   147  21.0  14.0 
   148  20.5  14.0 
   149  20.5  14.0 
   150  21.5  10.0 
   151  19.5  10.0 
   152  21.0  10.0 
   153  18.0   7.0 
   154  16.5   7.0 
   155  19.5   7.0 
   156  21.0   7.0 
   157  21.0   8.5 
   158  22.0   9.5 
   159  25.5  11.0 
   160  24.5  13.0 
   161  20.5  14.0 
   162  17.5  13.5 
   163  15.5  13.0 
   164  16.0  12.0 
   165  21.0  11.5 
   166  21.0  13.5 
   167  20.5  14.0 
   168  19.5  14.0 
   169  22.0  13.0 
   170  20.0  14.0 
   171  20.0  14.0 
   172  21.5  13.5 
   173  18.5  14.0 
   174  21.0  14.5 
   175  21.0  14.5 
   176  19.5  15.0 
   177  18.6  15.0 
   178  19.0  14.5 
   179  18.5  14.0 
   180  20.0  14.0 
   181  20.0  15.0 
   182  19.5  14.0 
   183  18.5  14.5 
   184  16.0  14.0 
   185  16.0  14.0 
   186  20.0  12.5 
   187  22.0  14.5 
   188  20.5  14.0 
   189  21.5  15.0 
   190  19.0  15.0 
   191  19.5  17.0 
   192  18.5  13.5 
   193  18.0  14.0 
   194  19.0  14.0 
   195  19.5  14.0 
   196  23.0  13.5 
   197  20.0  14.5 
   198  19.5  14.5 
   199  19.0  14.4 
   200  18.0  14.0 
   201  20.0  14.5 
   202  18.5  13.0 
   203  18.0  14.0 
   204  20.0  14.0 
   205  18.0  14.5 
   206  18.0  14.5 
   207  18.5  14.5 
   208  15.5  14.0 
   209  18.5  14.0 
   210  18.5  14.0 
   211  18.0  14.0 
   212  18.5  12.5 
   213  24.5  13.0 
   214  21.5  13.5 
   215  22.0  14.0 
   216  21.0  14.0 
   217  20.0  15.0 
   218  21.0  13.0 
   219  22.5  14.0 
   220  20.0  13.5 
   221  19.0  14.0 
   222  18.5  13.5 
   223  19.0  15.0 
   224  17.5  14.5 
   225  15.5  13.5 
   226  17.0  13.5 
   227  15.5  14.0 
   228  16.5  13.0 
   229  18.5  14.0 
   230  17.5  13.5 
   231  18.0  14.0 
   232  20.0  12.0 
   233  19.5  14.0 
   234  16.0  14.5 
   235  19.5  14.0 
   236  19.5  14.0 
   237  16.0  15.0 
   238  14.0  12.0 
   239  19.5  11.0 
   240  18.0  13.5 
   241  18.0  12.5 
   242  19.5  11.5 
   243  19.5  13.5 
   244  18.5  12.5 
   245  17.0  12.5 
   246  20.0  13.0 
   247  20.0  11.0 
   248  20.5  13.0 
   249  18.0  13.5 
   250  20.5  11.0 
   251  20.0  14.0 
   252  18.0  12.5 
   253  18.5  12.0 
   254  19.5  14.5 
   255  19.0  12.0 
   256  17.5  13.0 
   257  19.0  13.5 
   258  18.5  10.5 
   259  16.0  11.5 
   260  18.0  13.5 
   261  20.5  11.5 
   262  22.0  12.5 
   263  21.5  12.5 
   264  21.5  12.0 
   265  19.5  11.5 
   266  21.0  11.2 
   267  21.0  12.0 
   268  19.0  10.5 
   269  17.0  12.0 
   270  16.5  12.5 
   271  19.5  12.5 
   272  19.5  12.5 
   273  18.5  10.5 
   274  18.5  11.0 
   275  16.0  10.0 
   276  12.5  10.0 
   277  14.0  10.5 
   278  16.0  11.5 
   279  13.0  10.0 
   280  17.5  11.5 
   281  17.0  14.0 
   282  19.0   9.0 
   283  19.5  13.0 
   284  17.5   6.0 
   285  17.0   6.5 
   286  17.0   4.5 
   287  18.0   5.5 
   288  19.0   6.5 
   289  19.0   6.0 
   290  17.5   6.0 
   291  19.5   7.0 
   292  16.5   6.5 
   293  16.0   7.5 
   294  17.0   6.0 
   295  17.5   5.0 
   296  17.0   5.0 
   297  17.0   5.0 
   298  17.0   6.0 
   299  17.5   6.5 
   300  17.5   5.5 
   301  19.5   6.5 
   302  17.0   5.5 
   303  18.0   5.5 
   304  16.5   6.5 
   305  16.0   5.0 
   306  17.0   4.5 
   307  16.5   4.5 
   308  16.5   4.5 
   309  15.5   6.5 
   310  15.5   5.0 
   311  15.0   3.5 
   312  15.0   2.5 
   313  15.5   2.5 
   314  15.0   4.5 
   315  15.5   2.5 
   316  14.0   4.0 
   317  15.0   4.0 
   318  15.0   3.0 
   319  14.0   3.5 
   320  12.0   5.0 
   321  13.0   3.0 
   322  12.0   3.0 
   323  13.5   2.0 
   324  14.0   1.5 
   325  19.0   1.0 
   326  13.5   2.0 
   327  18.0   3.0 
   328  16.0   4.0 
   329  16.5   6.5 
   330  16.5   4.0 
   331  17.5   4.5 
   332  12.0   1.0 
   333  13.5   1.0 
   334  13.5   0.6 
   335  14.0   2.0 
   336  12.5   2.0 
   337  11.5   2.0 
   338  11.0  -0.5 
   339   8.5  -0.5 
   340   9.5  -1.0 
   341  10.0  -1.0 
   342   6.5  -1.0 
   343  12.0  -1.0 
   344  11.0  -1.0 
   345  10.0  -1.0 
   346  13.0   1.5 
   347  13.0   1.5 
   348  11.5   1.0 
   349  11.5   1.0 
   350  17.5   1.2 
   351  19.5   1.0 
   352  17.5   4.5 
   353  15.5   3.0 
   354  15.5   4.0 
   355  15.0   1.5 
   356   9.5  -4.0 
   357   7.0  -2.0 
   358   7.0  -2.0 
   359   9.0  -2.0 
   360   7.5  -0.5 
   361   8.5  -0.5 
   362   9.0  -0.5 
   363  10.0  -0.5 
   364   7.5  -0.5 
   365   7.5  -2.0 
