2002          Temperature for LETE                    
        Tmax  Tmin
     1  11.0   0.1 
     2  12.0   0.3 
     3  11.5  -1.5 
     4  11.5  -1.5 
     5  12.0  -1.5 
     6  11.0  -1.0 
     7  12.0  -0.5 
     8  11.0  -2.0 
     9  15.0  -2.5 
    10  16.5  -4.5 
    11  16.0   0.1 
    12  13.0  -3.5 
    13  11.0  -4.5 
    14   7.5   1.0 
    15  10.5   0.1 
    16   8.0   0.1 
    17   7.0  -2.0 
    18   8.5   2.0 
    19  11.0  -1.5 
    20   8.5  -0.5 
    21  10.5   0.1 
    22  10.0  -4.0 
    23   9.5  -3.0 
    24   9.0  -1.5 
    25   8.5  -1.5 
    26   9.0  -0.5 
    27   8.5  -1.5 
    28   6.5  -0.5 
    29   6.0  -0.5 
    30  10.0   1.0 
    31   9.0   0.5 
    32  10.0   0.2 
    33  10.0   0.3 
    34  12.5   0.1 
    35  15.0   0.1 
    36  14.5   0.2 
    37  11.5   0.1 
    38  10.0   3.0 
    39  11.0   3.0 
    40  11.0   0.1 
    41  15.0   0.0 
    42   9.0   2.0 
    43  10.0   2.0 
    44  14.5   0.1 
    45  13.5   1.0 
    46  15.0   2.0 
    47  13.0   2.0 
    48  12.5   3.5 
    49  13.0   3.0 
    50  16.5   1.5 
    51  12.5   2.5 
    52  12.5   1.0 
    53  15.0   2.5 
    54  11.0   3.0 
    55  16.5   2.0 
    56   8.5   0.0 
    57  10.5   0.0 
    58  11.0   1.0 
    59  12.0   1.5 
    60  11.0   2.0 
    61  11.0   4.5 
    62  10.5   1.0 
    63  14.0   2.0 
    64  14.0   2.0 
    65  16.0   2.0 
    66  15.5   3.0 
    67  12.5   5.0 
    68  12.0   2.5 
    69  17.5   3.0 
    70  18.0   2.0 
    71  18.5   6.5 
    72  18.0   6.5 
    73  16.0   5.0 
    74  14.5   5.5 
    75  15.5   3.0 
    76  15.5   3.5 
    77  16.0   3.0 
    78  19.5   5.0 
    79  19.5   6.0 
    80  17.5   7.0 
    81  15.5   5.0 
    82  18.0   3.5 
    83  15.0   5.0 
    84  15.5   5.0 
    85  15.5   4.0 
    86  15.5   3.0 
    87  16.0   3.5 
    88  15.5   3.0 
    89  15.5   3.5 
    90  15.0   5.5 
    91  16.0   5.5 
    92  16.5   4.5 
    93  15.0   3.5 
    94  17.5   3.0 
    95  18.0   7.5 
    96  20.0   7.5 
    97  19.0   5.5 
    98  18.0   8.0 
    99  15.0   7.0 
   100  15.0   3.5 
   101  16.0   2.0 
   102  19.5   3.5 
   103  16.0   5.0 
   104  16.0   6.5 
   105  15.0   8.5 
   106  20.0   7.5 
   107  20.0   9.0 
   108  21.0   7.5 
   109  22.0  10.0 
   110  21.0   9.0 
   111  19.5   7.5 
   112  20.0   6.5 
   113  21.0   7.5 
   114  18.5   7.0 
   115  17.5   7.5 
   116  15.5   8.5 
   117  17.5   3.5 
   118  17.5   6.0 
   119  18.0   7.5 
   120  19.0   5.0 
   121  16.0   5.0 
   122  20.0   6.5 
   123  18.0   8.0 
   124  20.0   7.0 
   125  20.0   7.0 
   126  19.0   6.5 
   127  20.0   9.5 
   128  19.5  10.0 
   129  20.5  11.5 
   130  20.0  11.5 
   131  18.5  11.0 
   132  23.0  10.0 
   133  21.5  12.5 
   134  19.0  13.0 
   135  19.0  10.0 
   136  21.0  12.0 
   137  21.0  12.0 
   138  17.0  11.0 
   139  20.0   9.5 
   140  21.5   9.0 
   141  20.5   8.0 
   142  22.0   9.0 
   143  21.0  11.0 
   144  20.0  10.5 
   145  12.5  10.0 
   146  14.0   8.0 
   147  16.5   8.5 
   148  18.0  10.0 
   149  17.5  10.0 
   150  15.5   9.0 
   151  16.0   9.2 
   152  20.5  11.5 
   153  20.5  10.0 
   154  21.5  10.0 
   155  21.5  12.5 
   156  21.0  12.0 
   157  20.0  10.5 
   158  20.0  11.0 
   159  20.0  10.5 
   160  21.0  14.5 
   161  23.0  13.0 
   162  21.0  11.5 
   163  20.5  14.0 
   164  22.0  15.0 
   165  20.5  10.5 
   166  19.5  12.5 
   167  20.5  12.0 
   168  21.0  14.0 
   169  22.5  13.0 
   170  22.5  15.0 
   171  22.5  14.5 
   172  21.0  13.0 
   173  21.0  11.5 
   174  22.0  13.0 
   175  21.0  14.5 
   176  22.5  10.0 
   177  21.0  13.0 
   178  17.0  12.0 
   179  20.0  14.0 
   180  21.5  15.0 
   181  19.5  16.0 
   182  19.5  15.5 
   183  16.5  15.0 
   184  18.5  14.0 
   185  18.0  14.5 
   186  23.0  13.0 
   187  22.0  15.5 
   188  23.5  15.0 
   189  21.0  15.0 
   190  19.5  14.5 
   191  18.5  15.5 
   192  18.0  15.5 
   193  16.5  14.0 
   194  21.0  12.5 
   195  18.0  15.0 
   196  18.5  15.0 
   197  19.5  14.0 
   198  22.5  12.5 
   199  21.0  15.0 
   200  21.5  13.5 
   201  17.5  15.5 
   202  18.5  15.0 
   203  17.5  15.5 
   204  18.0  15.0 
   205  16.5  14.5 
   206  16.5  14.5 
   207  17.5  14.5 
   208  21.5  15.0 
   209  20.0  15.0 
   210  20.0  14.0 
   211  17.0  13.5 
   212  17.0  12.0 
   213  19.0  14.5 
   214  20.0  14.0 
   215  20.0  14.0 
   216  19.5  12.5 
   217  20.5  14.5 
   218  23.5  15.0 
   219  23.0  13.5 
   220  23.5  12.5 
   221  23.0  14.5 
   222  22.0  15.0 
   223  17.5  15.0 
   224  17.0  14.0 
   225  21.5  13.0 
   226  19.5  12.0 
   227  20.0  14.5 
   228  22.5  16.0 
   229  21.5  12.5 
   230  18.0  14.0 
   231  21.0  14.5 
   232  20.0  15.0 
   233  15.5  13.0 
   234  18.5  13.0 
   235  18.5  11.5 
   236  18.0  12.5 
   237  19.5  13.0 
   238  20.5  12.5 
   239  22.0  14.5 
   240  22.5  15.0 
   241  21.5  14.0 
   242  21.0  13.5 
   243  20.5  12.5 
   244  17.5  14.5 
   245  20.5  12.0 
   246  17.5  14.0 
   247  18.0  13.0 
   248  18.5  12.0 
   249  18.5  12.0 
   250  20.0  11.0 
   251  20.0  10.5 
   252  20.0  10.0 
   253  17.5  10.0 
   254  19.5  11.0 
   255  16.0  12.0 
   256  20.0  10.0 
   257  21.0  10.5 
   258  20.5  13.0 
   259  19.0  12.5 
   260  17.0  11.0 
   261  14.5  11.0 
   262  19.0   8.5 
   263  21.0   8.5 
   264  22.0   7.5 
   265  15.5  10.0 
   266  17.5  11.0 
   267  17.0  10.0 
   268  14.8  11.5 
   269  19.0  11.5 
   270  17.0  11.5 
   271  20.0   8.5 
   272  21.5   9.0 
   273  21.0  10.0 
   274  21.0   9.5 
   275  21.5   9.0 
   276  21.0   9.5 
   277  21.5   9.0 
   278  20.0   8.5 
   279  20.5   9.5 
   280  20.5   9.0 
   281  18.5   7.5 
   282  17.5   5.0 
   283  18.5   8.0 
   284  18.0   7.0 
   285  18.0   6.5 
   286  17.0   5.5 
   287  18.0   5.0 
   288  18.5   7.0 
   289  19.0   6.5 
   290  18.0   6.5 
   291  17.0   5.0 
   292  16.5   4.5 
   293  17.5   5.5 
   294  17.5   6.5 
   295  17.0   6.0 
   296  16.0   6.0 
   297  17.0   5.0 
   298  17.0   5.5 
   299  16.0   6.0 
   300  17.0   4.5 
   301  15.0   4.5 
   302  15.0   4.0 
   303  15.0   6.5 
   304  16.0   4.5 
   305  16.0   5.5 
   306  15.5   4.5 
   307  16.0   3.0 
   308  15.5   3.0 
   309  15.0   2.5 
   310  15.5   2.0 
   311  15.0   4.5 
   312  15.5   4.5 
   313  16.5   4.0 
   314  17.0   3.0 
   315  16.5   2.0 
   316  11.5   4.5 
   317  16.0   2.5 
   318  16.5   4.5 
   319  19.0   4.0 
   320  18.0   5.0 
   321  15.5   3.0 
   322  14.5   4.0 
   323  13.0   3.0 
   324  12.0   5.0 
   325  13.5   0.0 
   326  15.5   3.5 
   327  14.5   4.0 
   328  13.5   3.0 
   329  14.5   5.5 
   330  14.5   3.5 
   331  14.0   0.5 
   332  15.0   3.0 
   333  15.0   3.0 
   334  15.0   4.0 
   335  13.5   5.0 
   336  14.5   2.0 
   337  13.0   2.5 
   338  13.0   3.0 
   339  12.5  -3.5 
   340  13.0  -1.5 
   341  14.5  -0.5 
   342  13.0   2.0 
   343  13.0   3.5 
   344  18.0   1.0 
   345  12.5   1.0 
   346  13.0   1.0 
   347  12.5  -0.5 
   348  12.5   3.5 
   349  11.5  -0.5 
   350  10.5   1.5 
   351  11.5   0.0 
   352   9.5  -0.5 
   353  10.5   1.5 
   354  10.5   0.5 
   355   8.5   0.5 
   356  10.5   0.5 
   357  10.5  -2.5 
   358   7.0   0.5 
   359   8.5  -1.5 
   360  10.0  -3.0 
   361   8.5  -1.0 
   362   6.0  -2.0 
   363   7.0  -3.0 
   364   8.6  -3.0 
   365   6.0  -2.0 
