2007          Temperature for LETE                    
        Tmax  Tmin
     1  10.0   1.0 
     2   9.5  -0.5 
     3  14.0   1.5 
     4  14.0   2.2 
     5  14.6   2.0 
     6  11.0  -2.5 
     7  11.0  -2.5 
     8  10.5  -2.0 
     9  11.0   0.0 
    10  11.0  -2.5 
    11  11.0  -1.5 
    12   8.5   0.0 
    13   8.5  -5.5 
    14   8.5  -3.5 
    15   8.0  -3.0 
    16   6.0  -4.0 
    17   7.0  -4.0 
    18   7.5  -4.0 
    19   8.5  -3.0 
    20   9.0  -3.5 
    21   8.0  -0.1 
    22   9.5  -0.1 
    23   8.5  -3.5 
    24  11.5  -1.5 
    25  13.5   0.0 
    26  13.0   1.5 
    27  17.0   2.5 
    28  13.0   3.0 
    29  14.0   0.5 
    30  12.5   2.0 
    31  12.5   0.0 
    32  15.0   0.5 
    33  13.0  -1.0 
    34  10.5   3.0 
    35   7.0   3.4 
    36   4.5   3.0 
    37   4.5   2.2 
    38   6.5   2.0 
    39   8.5  -0.5 
    40  11.0  -0.5 
    41  12.0   2.2 
    42   5.5   1.0 
    43   8.5  -1.0 
    44  10.0  -2.0 
    45   8.0  -4.0 
    46   7.5  -5.5 
    47   4.0  -1.5 
    48   7.0  -0.4 
    49   9.0  -3.5 
    50   8.5  -2.0 
    51  13.5  -2.0 
    52  12.2   0.0 
    53  13.0   0.0 
    54  12.0   1.5 
    55  13.5   4.0 
    56   8.0   0.5 
    57   9.5  -1.0 
    58  11.5  -0.5 
    59  10.0   1.5 
    60   4.5   0.5 
    61   7.5  -0.5 
    62  14.0   0.0 
    63  14.0   1.5 
    64  13.0   1.0 
    65  13.0   2.0 
    66  14.0   1.0 
    67  12.5   3.0 
    68  12.0   2.0 
    69  12.0   2.5 
    70  12.5   0.5 
    71   8.5   1.5 
    72   8.0   0.0 
    73   8.0   2.5 
    74  10.0  -2.0 
    75  14.5  -1.0 
    76  17.0   1.0 
    77  20.5   1.5 
    78  19.5   3.5 
    79  19.5   3.6 
    80  13.0   5.5 
    81  17.5   4.5 
    82  18.5   5.5 
    83  19.5   5.0 
    84  18.5   4.0 
    85  18.5   6.0 
    86  20.0   4.5 
    87  18.5   6.0 
    88  20.5   7.0 
    89  20.6   7.5 
    90  21.0   8.5 
    91  21.6   4.0 
    92  22.0   8.0 
    93  22.5   6.5 
    94  21.0   7.5 
    95  19.0   7.5 
    96  17.5   6.0 
    97  18.0   7.0 
    98  19.0   6.0 
    99  17.0   5.0 
   100  18.5   4.0 
   101  18.5   6.0 
   102  20.5   7.5 
   103  19.0   5.6 
   104  19.5   6.0 
   105  22.5   9.2 
   106  20.5   9.5 
   107  21.5   6.3 
   108  19.0   9.0 
   109  19.5   7.5 
   110  20.0   7.5 
   111  20.0   8.5 
   112  18.5   7.5 
   113  19.5   6.0 
   114  19.0   7.6 
   115  17.6   6.5 
   116  18.5   6.0 
   117  22.0   4.5 
   118  22.0   5.0 
   119  22.0   5.0 
   120  20.5   8.0 
   121  21.5   8.0 
   122  22.0  10.0 
   123  23.0   7.5 
   124  22.0   8.0 
   125  21.5   9.0 
   126  21.0   8.5 
   127  18.0   9.5 
   128  19.0   7.5 
   129  19.0  10.0 
   130  21.5   7.5 
   131  21.5   9.0 
   132  19.0   8.0 
   133  19.2   6.0 
   134  20.0   8.5 
   135  21.5  10.0 
   136  21.5  12.5 
   137  22.0  11.0 
   138  20.5  13.0 
   139  21.5  13.0 
   140  22.5   9.5 
   141  20.0  12.0 
   142  23.5  12.0 
   143  22.0  10.5 
   144  20.5  10.5 
   145  22.6   7.5 
   146  22.5   8.0 
   147  24.5   8.0 
   148  24.0   8.5 
   149  22.0   9.0 
   150  22.5   7.5 
   151  23.6   7.5 
   152  24.5   7.5 
   153  24.0   9.5 
   154  24.0   8.0 
   155  24.0   9.0 
   156  21.5  10.0 
   157  23.0  12.0 
   158  20.5  13.0 
   159  18.5  13.4 
   160  20.5  15.0 
   161  18.0  13.0 
   162  17.5  15.0 
   163  23.5  13.5 
   164  21.0  15.0 
   165  17.5  12.0 
   166  17.5  13.0 
   167  19.0  13.0 
   168  20.5  14.0 
   169  20.5  14.0 
   170  20.0  13.5 
   171  21.5  13.5 
   172  22.5  13.6 
   173  22.0  12.5 
   174  20.5  13.5 
   175  19.2  14.5 
   176  19.0  14.5 
   177  23.0  13.0 
   178  21.0  14.5 
   179  21.5  14.0 
   180  23.0  15.0 
   181  24.5  14.5 
   182  20.5  15.0 
   183  20.0  14.5 
   184  22.0  14.5 
   185  22.5  13.0 
   186  23.0  15.0 
   187  22.5  14.0 
   188  22.0  16.0 
   189  18.5  13.0 
   190  21.5  14.5 
   191  22.0  15.0 
   192  18.0  15.5 
   193  22.0  15.2 
   194  20.0  15.0 
   195  21.5  14.0 
   196  21.6  14.2 
   197  19.5  14.5 
   198  18.5  14.0 
   199  17.5  14.5 
   200  21.5  14.5 
   201  18.5  15.0 
   202  19.5  14.0 
   203  17.0  14.5 
   204  16.6  13.5 
   205  16.2  14.5 
   206  17.0  14.0 
   207  16.0  14.5 
   208  16.5  14.0 
   209  15.5  12.5 
   210  16.5  14.0 
   211  16.5  14.0 
   212  16.0  14.0 
   213  19.5  14.0 
   214  17.5  14.5 
   215  20.5  14.5 
   216  21.5  14.5 
   217  20.0  14.5 
   218  22.0  15.0 
   219  24.0  13.5 
   220  21.2  15.5 
   221  22.5  14.5 
   222  25.0  15.5 
   223  24.5  14.5 
   224  19.6  15.5 
   225  17.0  14.0 
   226  16.6  15.0 
   227  20.0  14.0 
   228  17.0  14.5 
   229  17.0  14.5 
   230  16.0  13.0 
   231  17.0  14.0 
   232  19.5  11.0 
   233  21.0  10.5 
   234  22.5  10.6 
   235  19.5  14.0 
   236  16.0  13.0 
   237  22.0  13.0 
   238  18.5  13.5 
   239  21.5  13.0 
   240  19.5  13.5 
   241  20.0  13.5 
   242  18.5  14.0 
   243  17.0  15.0 
   244  21.5  13.0 
   245  20.5  14.5 
   246  21.2  15.0 
   247  17.0  14.5 
   248  16.0  13.5 
   249  17.5  11.5 
   250  19.5  12.0 
   251  20.5  13.0 
   252  21.0  16.0 
   253  22.0  13.5 
   254  21.5  12.5 
   255  21.5  14.5 
   256  22.0  13.5 
   257  18.5  13.5 
   258  20.5  13.0 
   259  20.5  13.5 
   260  21.0  11.5 
   261  20.5  12.5 
   262  22.0  13.5 
   263  22.0  12.4 
   264  21.0  12.0 
   265  21.0  11.0 
   266  21.0  13.6 
   267  21.0  13.0 
   268  21.5  12.5 
   269  14.0  11.0 
   270  18.0  12.5 
   271  13.5  11.5 
   272  12.5  11.5 
   273  16.6   9.0 
   274  21.0  10.5 
   275  21.5   9.5 
   276  21.0  11.0 
   277  20.5   8.0 
   278  21.6   9.5 
   279  22.0  10.5 
   280  21.8  10.5 
   281  21.6   9.5 
   282  21.0   9.0 
   283  19.5   9.5 
   284  19.0  10.5 
   285  18.5  10.5 
   286  18.0   9.5 
   287  16.0   9.5 
   288  19.0   6.0 
   289  12.0   6.0 
   290  16.5   6.0 
   291  17.0   5.2 
   292  16.5   5.0 
   293  17.8   4.5 
   294  15.5   3.0 
   295  16.0   5.5 
   296  15.5   3.5 
   297  15.0   5.0 
   298  17.5   5.5 
   299  17.0   5.5 
   300  17.5   6.0 
   301  16.5   6.5 
   302  15.5   6.0 
   303  14.5   9.5 
   304  17.2   6.0 
   305  16.5   6.5 
   306  15.5   5.0 
   307  15.0   5.0 
   308  17.0   6.5 
   309  14.6   8.0 
   310  12.5   8.0 
   311  13.0   8.0 
   312  13.5   6.5 
   313  13.5   3.0 
   314  13.5   1.0 
   315  13.5   2.0 
   316  12.5   2.0 
   317  12.5   1.0 
   318  13.5   0.5 
   319  17.6   2.0 
   320  16.5   2.0 
   321  16.0   2.2 
   322  16.5   2.0 
   323  14.0   2.0 
   324  15.0   0.0 
   325  13.2   1.0 
   326  14.5   0.0 
   327  18.5   3.0 
   328  17.0   2.5 
   329  10.3   3.0 
   330   9.5   0.0 
   331  13.0   1.0 
   332  12.5   0.0 
   333  11.5   0.0 
   334  12.5  -0.5 
   335  13.5   1.0 
   336  10.0   0.0 
   337   7.5   2.0 
   338  15.0   0.0 
   339  12.5   1.5 
   340  12.0  -0.5 
   341  12.5   0.5 
   342  11.5  -1.5 
   343  14.5   0.5 
   344   6.0   2.5 
   345   6.5  -0.5 
   346  12.0  -1.5 
   347  11.0   2.0 
   348  11.5  -3.0 
   349  10.0  -6.0 
   350  12.0  -2.0 
   351  12.0   2.5 
   352  15.0   0.0 
   353  13.5   0.5 
   354  15.5   1.5 
   355  19.5   0.0 
   356  21.5   0.0 
   357  21.5   0.0 
   358  13.0   1.0 
   359  12.5  -0.5 
   360  14.5   1.5 
   361  13.5   1.5 
   362  15.0   2.5 
   363  16.0   1.5 
   364  14.5   0.0 
   365  14.5   1.0 
