2003          Temperature for LETE                    
        Tmax  Tmin
     1   9.5  -5.5 
     2  10.5  -1.0 
     3  12.5   0.0 
     4   9.5  -3.0 
     5  12.5   0.5 
     6  14.5   3.0 
     7  11.0   1.0 
     8   9.5  -2.5 
     9  10.5  -0.5 
    10  12.0  -0.5 
    11  12.0  -0.5 
    12  11.5  -0.5 
    13  11.0  -4.0 
    14  13.5  -2.0 
    15   8.0  -2.0 
    16  13.5   0.0 
    17  14.0   1.5 
    18  13.5   0.5 
    19  18.5   2.0 
    20  15.5   1.0 
    21  12.5   1.0 
    22  10.5   0.0 
    23  10.5   0.0 
    24   9.5  -0.1 
    25   9.5   0.0 
    26  14.0   0.0 
    27  12.0   0.0 
    28   9.0  -0.4 
    29   6.5   2.0 
    30   5.5   0.0 
    31   4.0   1.0 
    32   3.5  -2.0 
    33   9.5  -1.5 
    34  11.5  -0.5 
    35  11.5   0.0 
    36  11.0   0.0 
    37  12.5   0.5 
    38  13.5  -3.0 
    39  10.0  -3.0 
    40  10.0  -2.0 
    41   9.5   0.0 
    42  10.5  -3.0 
    43   9.0  -0.5 
    44   9.0  -0.5 
    45   7.5   0.0 
    46  10.0   0.0 
    47  12.0   0.0 
    48  10.5   2.0 
    49   9.5   3.0 
    50   8.0   0.0 
    51   8.0   0.0 
    52  11.5   0.0 
    53  15.0   0.0 
    54  11.0   3.0 
    55   9.5   1.0 
    56  11.5   2.0 
    57  10.5   3.0 
    58  14.0  -0.1 
    59  13.5   2.0 
    60   6.5   1.5 
    61   8.5  -0.5 
    62   9.0   1.5 
    63  12.0  -0.5 
    64  13.0   1.0 
    65  14.0  -0.5 
    66  15.0  -0.5 
    67  12.0  -0.5 
    68  12.0   1.0 
    69  12.0   1.5 
    70   9.5   2.0 
    71  10.0   1.5 
    72  11.0   0.0 
    73  11.0  -0.5 
    74  11.5   1.5 
    75  10.5   2.0 
    76  11.0   3.5 
    77  11.5   2.0 
    78  12.0   1.0 
    79  12.0   1.5 
    80  13.0   1.5 
    81  13.0   2.0 
    82  12.5   3.0 
    83  13.0   4.0 
    84  11.3   4.5 
    85  11.5   2.0 
    86  11.0   2.0 
    87  10.5   1.0 
    88  10.0  -1.5 
    89  11.0   3.0 
    90  11.5   3.0 
    91  16.5   6.0 
    92  18.0   6.0 
    93  17.5   5.5 
    94  16.0   4.0 
    95  16.5   4.5 
    96  18.5   4.5 
    97  19.5   4.5 
    98  18.5   5.0 
    99  19.5   6.0 
   100  19.0   7.0 
   101  18.5   6.0 
   102  19.5   6.5 
   103  20.0   7.5 
   104  20.5   7.0 
   105  20.5   6.0 
   106  18.0   6.5 
   107  19.5   5.5 
   108  21.0   8.0 
   109  21.0  10.0 
   110  21.0   6.0 
   111  18.5   5.0 
   112  20.5   5.5 
   113  22.0   7.0 
   114  22.0   9.0 
   115  21.0  11.0 
   116  21.5  10.0 
   117  22.0   9.5 
   118  18.0   4.5 
   119  15.0   6.0 
   120  17.0   6.0 
   121  16.0   6.5 
   122  17.0   8.5 
   123  19.5   8.0 
   124  17.5   4.5 
   125  16.5   5.0 
   126  19.0   4.0 
   127  18.5   4.5 
   128  20.5   6.0 
   129  19.0   5.5 
   130  19.0   5.5 
   131  18.5   5.5 
   132  20.0   6.5 
   133  18.0   9.0 
   134  19.0   6.5 
   135  19.0   8.5 
   136  21.0   8.0 
   137  21.0  10.0 
   138  19.0   7.0 
   139  20.0   7.0 
   140  19.5   8.0 
   141  21.5   7.0 
   142  18.0  11.0 
   143  20.0   9.0 
   144  19.5   7.5 
   145  21.0   9.0 
   146  22.0   9.5 
   147  21.0   9.0 
   148  21.5   9.0 
   149  22.0   8.0 
   150  22.5  10.5 
   151  22.5  11.0 
   152  23.0  12.0 
   153  23.5  12.5 
   154  23.5  13.0 
   155  23.5  12.5 
   156  22.0  13.0 
   157  21.0  10.0 
   158  22.0  12.0 
   159  23.0  13.0 
   160  23.5  14.0 
   161  24.0  14.0 
   162  23.0  10.5 
   163  21.0   9.5 
   164  22.0  10.0 
   165  22.0   9.5 
   166  21.5   9.5 
   167  21.5   8.0 
   168  22.0   9.5 
   169  22.5  10.5 
   170  20.0  12.0 
   171  21.0  10.0 
   172  20.5   9.5 
   173  20.0   8.5 
   174  20.0   9.0 
   175  21.0   8.5 
   176  20.5   8.0 
   177  20.0   9.5 
   178  20.0   7.5 
   179  19.0  10.0 
   180  19.0   6.0 
   181  22.0   7.0 
   182  20.0   4.5 
   183  18.5   5.5 
   184  20.0   6.5 
   185  21.0   7.0 
   186  22.0   7.5 
   187  21.5   7.0 
   188  22.0   9.0 
   189  22.5   9.5 
   190  23.5  10.0 
   191  24.0  11.0 
   192  23.5  12.0 
   193  22.5  13.0 
   194  21.5  13.5 
   195  21.0  14.0 
   196  22.0  13.5 
   197  21.5  13.0 
   198  20.0  14.0 
   199  19.0  13.5 
   200  20.0  14.5 
   201  19.0  14.0 
   202  20.5  13.0 
   203  21.0  14.0 
   204  22.0  14.5 
   205  21.0  15.0 
   206  20.0  15.0 
   207  19.5  14.5 
   208  18.5  14.0 
   209  19.5  13.0 
   210  20.0  14.0 
   211  21.0  15.0 
   212  21.5  15.0 
   213  21.0  12.0 
   214  19.0  12.0 
   215  19.5  12.5 
   216  18.5  13.0 
   217  19.5  13.0 
   218  20.0  14.0 
   219  21.0  14.0 
   220  20.0  13.0 
   221  20.0  14.0 
   222  20.5  14.0 
   223  20.0  14.5 
   224  19.0  14.0 
   225  19.0  13.5 
   226  20.0  14.0 
   227  19.0  14.0 
   228  19.0  13.5 
   229  19.5  14.0 
   230  20.0  14.5 
   231  20.0  14.5 
   232  21.0  14.0 
   233  20.5  13.5 
   234  21.0  14.0 
   235  20.0  14.0 
   236  19.5  13.0 
   237  19.0  14.0 
   238  18.0  13.0 
   239  19.0  13.0 
   240  19.0  14.0 
   241  20.0  15.0 
   242  21.0  14.5 
   243  20.5  15.0 
   244  19.5  13.0 
   245  19.0  13.0 
   246  19.0  14.0 
   247  19.5  13.0 
   248  21.0  12.0 
   249  20.0  11.5 
   250  21.0  12.0 
   251  20.0  12.5 
   252  19.5  13.0 
   253  20.5  12.0 
   254  18.0  12.0 
   255  19.0  11.0 
   256  19.5  13.0 
   257  20.0  14.0 
   258  19.0  13.0 
   259  18.5  12.0 
   260  20.0  11.5 
   261  21.0  13.0 
   262  22.5  14.0 
   263  22.0  14.5 
   264  20.0  14.0 
   265  21.0  13.5 
   266  19.0  12.5 
   267  18.5  13.0 
   268  19.0  13.5 
   269  20.0  12.0 
   270  20.5  13.0 
   271  21.0  14.0 
   272  21.5  13.5 
   273  20.5  14.0 
   274  19.5  13.0 
   275  19.0  13.5 
   276  18.0  12.0 
   277  17.5  12.0 
   278  19.0  10.5 
   279  18.5  10.0 
   280  18.0  11.0 
   281  19.5  10.5 
   282  20.0  10.0 
   283  20.0  10.0 
   284  21.0   9.5 
   285  19.5   9.0 
   286  20.0  10.0 
   287  19.0  11.0 
   288  18.0  10.0 
   289  19.0   9.0 
   290  19.5  10.0 
   291  19.5  11.0 
   292  19.0  10.0 
   293  20.0  10.0 
   294  20.0   9.5 
   295  21.0   9.0 
   296  20.0   9.0 
   297  19.0   8.5 
   298  19.0   8.5 
   299  18.0  10.0 
   300  19.0   9.5 
   301  18.5   9.0 
   302  17.5   9.5 
   303  18.0   8.5 
   304  17.0   9.0 
   305  20.0   8.0 
   306  19.5   7.5 
   307  19.0   7.0 
   308  18.0   6.5 
   309  17.0   6.0 
   310  17.5   5.5 
   311  16.0   4.5 
   312  17.0   5.0 
   313  18.0   5.5 
   314  17.5   4.5 
   315  18.5   5.0 
   316  17.0   6.0 
   317  16.5   6.5 
   318  17.0   5.5 
   319  16.0   5.5 
   320  17.0   6.5 
   321  16.0   5.0 
   322  17.0   5.5 
   323  16.0   6.0 
   324  15.0   5.0 
   325  14.0   4.5 
   326  14.0   4.5 
   327  15.0   7.0 
   328  16.0   6.5 
   329  16.5   5.0 
   330  15.5   4.5 
   331  14.0   4.5 
   332  13.5   4.0 
   333  14.0   4.5 
   334  15.0   4.0 
   335  17.0   4.0 
   336  17.0   3.0 
   337  19.0   2.5 
   338  18.0   3.0 
   339  16.0   2.5 
   340  15.0   3.0 
   341  13.0   5.0 
   342  13.5   5.0 
   343  14.0   3.0 
   344  14.0   3.5 
   345  12.5   2.0 
   346  11.0   4.0 
   347  14.0   5.0 
   348  15.0   3.5 
   349  14.5   2.5 
   350  12.5  -0.2 
   351  12.5  -0.3 
   352  17.0   1.0 
   353  15.0   2.0 
   354  14.0   0.5 
   355  13.0   2.0 
   356  12.0  -3.5 
   357  12.0  -1.5 
   358  10.0  -3.0 
   359   9.0  -4.0 
   360   7.5  -1.5 
   361   4.5   0.0 
   362   8.0  -2.5 
   363   9.5  -4.0 
   364  11.5  -3.0 
   365  11.5   1.0 
