2001          Temperature for LETE                    
        Tmax  Tmin
     1  10.5   2.0 
     2   7.0   2.5 
     3  12.0   0.5 
     4   8.0  -1.5 
     5  13.5  -1.5 
     6  11.5  -1.5 
     7   9.0  -3.5 
     8   8.5  -2.5 
     9   8.0  -2.5 
    10   7.5   1.5 
    11   9.0  -0.3 
    12  10.0  -0.1 
    13  10.0   0.5 
    14  11.0  -2.0 
    15   9.0  -2.0 
    16   9.5  -3.0 
    17  11.0  -1.5 
    18  11.5   0.0 
    19  13.5  -0.5 
    20  11.5  -0.1 
    21  12.0  -0.5 
    22  10.0   0.5 
    23   6.5  -2.0 
    24   8.5  -3.5 
    25   8.5  -2.5 
    26   9.5  -1.5 
    27  11.5   0.0 
    28  16.0   0.0 
    29  14.0   0.5 
    30  16.5   3.0 
    31  16.5   6.0 
    32  17.0   4.5 
    33  16.5  -2.5 
    34  14.5  -1.0 
    35  12.0  -0.5 
    36  12.5  -0.5 
    37  12.5  -0.5 
    38  12.0  -0.5 
    39  13.0  -0.5 
    40  11.0  -0.1 
    41  13.0   0.1 
    42  13.5   0.1 
    43  13.0   1.5 
    44  15.0   2.0 
    45  16.0   2.5 
    46   7.5   1.5 
    47  14.5   1.0 
    48  13.5   1.5 
    49  14.5   1.5 
    50  10.6   1.0 
    51  10.6   1.5 
    52  15.0   0.5 
    53  14.0   0.5 
    54  11.5   1.5 
    55  10.5   4.0 
    56   7.5   4.5 
    57   9.5   0.5 
    58  12.0   1.0 
    59  12.5  -0.5 
    60  11.5   2.5 
    61  14.0  -1.5 
    62  16.5   2.0 
    63  14.0   2.0 
    64  12.0   0.5 
    65  10.0   0.5 
    66  14.0   1.5 
    67  14.0   0.5 
    68  13.0   0.5 
    69  14.5   0.5 
    70  15.0   1.0 
    71  14.0   0.0 
    72  11.5   2.5 
    73  13.5   1.5 
    74  13.5   1.0 
    75  15.0   1.0 
    76  14.0   1.0 
    77  15.0   1.5 
    78  16.0   4.0 
    79  16.0   4.5 
    80  15.0   3.0 
    81  13.0   4.0 
    82  15.0   1.0 
    83  15.0   2.5 
    84  16.0   3.0 
    85  17.0   2.0 
    86  17.5   4.5 
    87  17.5   8.0 
    88  14.0   6.0 
    89  17.5   3.5 
    90  17.5   2.0 
    91  12.5   1.0 
    92  14.5   0.0 
    93  18.0   3.0 
    94  18.5   3.5 
    95  20.0   4.5 
    96  13.0   5.0 
    97  21.0   3.5 
    98  20.0   5.0 
    99  18.0   5.0 
   100  19.5   6.0 
   101  21.0   6.5 
   102  22.0   6.5 
   103  15.5   7.5 
   104  15.5   6.0 
   105  16.5   4.0 
   106  16.0   3.0 
   107  16.5   4.0 
   108  12.5   6.0 
   109  16.0   5.0 
   110  16.5   5.0 
   111  16.0   5.0 
   112  16.5   5.0 
   113  19.5   3.5 
   114  19.5   7.0 
   115  18.5   4.5 
   116  20.0   6.0 
   117  20.0   7.5 
   118  21.5   8.5 
   119  21.0   8.0 
   120  21.5   8.5 
   121  20.5   6.0 
   122  18.0   9.0 
   123  17.0   7.5 
   124  14.0   7.0 
   125  19.0   6.0 
   126  18.5   8.0 
   127  18.0   9.5 
   128  21.0   9.5 
   129  20.0  10.5 
   130  21.0  11.0 
   131  20.0   9.0 
   132  21.0   9.0 
   133  22.5  10.5 
   134  20.0  12.0 
   135  18.5  11.0 
   136  14.5  10.0 
   137  17.0   9.0 
   138  19.5   7.5 
   139  19.5  10.5 
   140  19.5  10.0 
   141  17.0  11.5 
   142  20.5   9.5 
   143  21.5  12.0 
   144  20.5  12.0 
   145  20.5  10.5 
   146  20.0   9.0 
   147  18.5  10.5 
   148  20.5  11.0 
   149  20.0   9.5 
   150  18.0  10.0 
   151  20.0  11.0 
   152  21.5  11.0 
   153  18.0  11.0 
   154  17.5  13.5 
   155  17.5  10.5 
   156  17.0  11.5 
   157  19.0  12.0 
   158  20.5  10.5 
   159  19.5  10.0 
   160  21.0  12.0 
   161  19.5  13.0 
   162  23.0  11.0 
   163  24.5  13.0 
   164  22.5  13.0 
   165  23.5  12.5 
   166  20.5  12.5 
   167  18.5  12.5 
   168  18.5  12.5 
   169  20.0  14.0 
   170  19.5  14.5 
   171  18.5  14.0 
   172  19.0  14.2 
   173  17.0  14.5 
   174  18.0  14.0 
   175  21.0  12.5 
   176  17.5  13.0 
   177   DNA  12.5 
   178  20.5  11.5 
   179  22.0  13.0 
   180  22.5  13.0 
   181  23.0  14.0 
   182  20.5  12.0 
   183  23.5  13.5 
   184  25.0  15.0 
   185  24.0  12.0 
   186  23.5  12.5 
   187  24.5  13.0 
   188  23.5  15.0 
   189  22.5  13.0 
   190  23.0  13.5 
   191  22.0  14.5 
   192  20.0  14.5 
   193  19.5  15.0 
   194  19.5  16.0 
   195  17.5  13.0 
   196  16.0  14.5 
   197  16.5  14.5 
   198  16.5  14.0 
   199  21.0  13.5 
   200  20.0  13.0 
   201  16.0  13.5 
   202  19.5  13.5 
   203  20.0  14.5 
   204  21.5  15.0 
   205  22.0  15.0 
   206  19.0  14.0 
   207  20.0  14.5 
   208  17.0  14.0 
   209  17.0  15.0 
   210  19.0  15.0 
   211  18.5  15.0 
   212  19.0  14.5 
   213  20.5  15.0 
   214  17.5  15.0 
   215  16.0  14.5 
   216  17.0  12.5 
   217  19.5  13.0 
   218  20.0  13.5 
   219  20.0  13.5 
   220  20.0  13.0 
   221  21.0  13.5 
   222  20.0  14.0 
   223  21.0  15.0 
   224  19.0  14.0 
   225  19.0  14.5 
   226  19.5  13.0 
   227  21.0   DNA 
   228  21.0  14.5 
   229  21.5  14.5 
   230  19.0  15.0 
   231  17.0  15.0 
   232  19.0  14.5 
   233  17.0  15.0 
   234  16.5  14.5 
   235  18.0  13.5 
   236  20.5  12.0 
   237  20.0  12.5 
   238  20.0  13.0 
   239  21.0  13.5 
   240  19.0  15.0 
   241  18.5  12.5 
   242  20.0  11.0 
   243  21.0  13.0 
   244  15.5  12.5 
   245  15.5  11.5 
   246  19.0  11.0 
   247  20.5  11.0 
   248  16.5  13.0 
   249  18.0  12.0 
   250  17.5  12.0 
   251  19.5  12.5 
   252  20.0  13.0 
   253  21.5  13.0 
   254  19.5   9.5 
   255  19.0  11.0 
   256  15.5  11.5 
   257  16.0  11.0 
   258  20.5  11.5 
   259  20.5  10.0 
   260  20.5   9.5 
   261  20.0  12.5 
   262  20.5   8.5 
   263  20.5  14.0 
   264  20.5   9.5 
   265  21.5  11.0 
   266  21.5  10.0 
   267  21.0  12.0 
   268  21.5  11.5 
   269  21.0  10.5 
   270  21.0  10.0 
   271  21.0  10.0 
   272  21.0  10.5 
   273  21.5  10.5 
   274  20.5  10.0 
   275  20.0   9.5 
   276  19.5  11.5 
   277  19.5  11.5 
   278  20.0  11.0 
   279  20.5   9.5 
   280  20.5  10.5 
   281  21.0  11.0 
   282  21.0  10.5 
   283  21.0  10.5 
   284  20.0   DNA 
   285  20.0   7.0 
   286  20.0   8.5 
   287  19.0   6.0 
   288  18.5   DNA 
   289  17.5   DNA 
   290  16.5   5.0 
   291  17.5  11.0 
   292  17.5   6.5 
   293  15.5   6.5 
   294  17.5  11.5 
   295  19.0   5.5 
   296  17.5   5.5 
   297  18.0   5.5 
   298  15.5   6.5 
   299  18.0   5.5 
   300  17.5   5.0 
   301  18.0   6.0 
   302  18.0   5.0 
   303  18.0   6.0 
   304  17.5   5.0 
   305  16.5   5.5 
   306  16.5   6.0 
   307  17.0   6.0 
   308  17.0   6.0 
   309  16.0   6.0 
   310  15.5   6.0 
   311  16.0   3.5 
   312  15.5   2.5 
   313  15.5   5.5 
   314  14.5   4.0 
   315  15.5   5.0 
   316  16.0   2.5 
   317  21.5   4.0 
   318  21.0   3.5 
   319  20.0   5.5 
   320  17.5   5.5 
   321  17.0   5.0 
   322  16.0   0.5 
   323  15.0   0.3 
   324  16.0   5.0 
   325  12.0   0.4 
   326  12.5   0.2 
   327  11.5   0.4 
   328  13.0   0.1 
   329  14.0   0.1 
   330  15.5   0.1 
   331  12.5   0.1 
   332  15.5   0.5 
   333  11.5   0.5 
   334  13.0   0.0 
   335  15.0   0.3 
   336  11.5   0.0 
   337  10.5   0.1 
   338  11.5   0.0 
   339  12.0   0.0 
   340  10.5   0.0 
   341   9.5   0.3 
   342   8.0   0.3 
   343  10.0   0.1 
   344   9.5   0.1 
   345  10.0   0.1 
   346  11.0   0.1 
   347  11.5   0.1 
   348  12.0   0.0 
   349   7.0   0.1 
   350   8.0   0.3 
   351  10.0   0.5 
   352  11.5   0.5 
   353   9.5   0.5 
   354  15.5   0.2 
   355  16.5   0.1 
   356  18.0   0.5 
   357  15.5   0.2 
   358  10.5   0.1 
   359  10.5   0.3 
   360  15.0   0.5 
   361  11.0   0.3 
   362  16.0   0.4 
   363  12.0   0.3 
   364  11.5   0.5 
   365  10.5   0.3 
