1998          Temperature for LETE                    
        Tmax  Tmin
     1   DNA   DNA 
     2   DNA   DNA 
     3   DNA   DNA 
     4   DNA   DNA 
     5   DNA   DNA 
     6   DNA   DNA 
     7   DNA   DNA 
     8   DNA   DNA 
     9   DNA   DNA 
    10   DNA   DNA 
    11   DNA   DNA 
    12   DNA   DNA 
    13   DNA   DNA 
    14   DNA   DNA 
    15   DNA   DNA 
    16   DNA   DNA 
    17   DNA   DNA 
    18   DNA   DNA 
    19   DNA   DNA 
    20   DNA   DNA 
    21   DNA   DNA 
    22   DNA   DNA 
    23   DNA   DNA 
    24   DNA   DNA 
    25   DNA   DNA 
    26   DNA   DNA 
    27   DNA   DNA 
    28   DNA   DNA 
    29   DNA   DNA 
    30   DNA   DNA 
    31   DNA   DNA 
    32   DNA   DNA 
    33   DNA   DNA 
    34   DNA   DNA 
    35   DNA   DNA 
    36   DNA   DNA 
    37   DNA   DNA 
    38   DNA   DNA 
    39   DNA   DNA 
    40   DNA   DNA 
    41   DNA   DNA 
    42   DNA   DNA 
    43   DNA   DNA 
    44   DNA   DNA 
    45   DNA   DNA 
    46   DNA   DNA 
    47   DNA   DNA 
    48   DNA   DNA 
    49   DNA   DNA 
    50   DNA   DNA 
    51   DNA   DNA 
    52   DNA   DNA 
    53   DNA   DNA 
    54   DNA   DNA 
    55   DNA   DNA 
    56   DNA   DNA 
    57   DNA   DNA 
    58   DNA   DNA 
    59   DNA   DNA 
    60   DNA   DNA 
    61   DNA   DNA 
    62   DNA   DNA 
    63   DNA   DNA 
    64   DNA   DNA 
    65   DNA   DNA 
    66   DNA   DNA 
    67   DNA   DNA 
    68   DNA   DNA 
    69   DNA   DNA 
    70   DNA   DNA 
    71   DNA   DNA 
    72   DNA   DNA 
    73   DNA   DNA 
    74   DNA   DNA 
    75   DNA   DNA 
    76   DNA   DNA 
    77   DNA   DNA 
    78   DNA   DNA 
    79   DNA   DNA 
    80   DNA   DNA 
    81   DNA   DNA 
    82   DNA   DNA 
    83   DNA   DNA 
    84   DNA   DNA 
    85   DNA   DNA 
    86   DNA   DNA 
    87   DNA   DNA 
    88   DNA   DNA 
    89   DNA   DNA 
    90   DNA   DNA 
    91   DNA   DNA 
    92   DNA   DNA 
    93   DNA   DNA 
    94   DNA   DNA 
    95   DNA   DNA 
    96   DNA   DNA 
    97   DNA   DNA 
    98   DNA   DNA 
    99   DNA   DNA 
   100   DNA   DNA 
   101   DNA   DNA 
   102   DNA   DNA 
   103   DNA   DNA 
   104   DNA   DNA 
   105   DNA   DNA 
   106   DNA   DNA 
   107   DNA   DNA 
   108   DNA   DNA 
   109   DNA   DNA 
   110   DNA   DNA 
   111   DNA   DNA 
   112   DNA   DNA 
   113   DNA   DNA 
   114   DNA   DNA 
   115   DNA   DNA 
   116   DNA   DNA 
   117   DNA   DNA 
   118   DNA   DNA 
   119   DNA   DNA 
   120   DNA   DNA 
   121  21.5   9.0 
   122  21.5   9.0 
   123  20.5  10.0 
   124  21.0  11.0 
   125  21.5  12.0 
   126  20.0   8.5 
   127  17.5  11.0 
   128  20.0   8.0 
   129  19.5   6.0 
   130  15.5   6.5 
   131  16.5   5.5 
   132  20.0   6.0 
   133  21.0   8.0 
   134  21.0  11.0 
   135  21.5   8.0 
   136  23.5  11.5 
   137  23.5  13.0 
   138  23.5  13.0 
   139  23.5  10.0 
   140  24.5  11.0 
   141  23.5  13.5 
   142  24.5  14.0 
   143  23.5  13.0 
   144  25.0  11.5 
   145  23.0  15.0 
   146  23.5  11.5 
   147  22.5  11.5 
   148  21.5  12.5 
   149  23.0  12.0 
   150  22.5  11.0 
   151  23.5  12.0 
   152  23.5  12.0 
   153  23.5  12.5 
   154  23.5  12.0 
   155  22.0  10.5 
   156  21.0  10.0 
   157  22.5  10.0 
   158  23.5  13.0 
   159  24.0  12.0 
   160  24.0   5.0 
   161  24.5   5.5 
   162  24.5   5.5 
   163  23.5   9.5 
   164  21.0   7.5 
   165  20.5   6.0 
   166  19.5   8.0 
   167  21.5   5.5 
   168  21.5   8.5 
   169  23.5   8.0 
   170  24.5   8.5 
   171  17.5   9.0 
   172  16.5   8.0 
   173  18.5   7.5 
   174  24.0   8.0 
   175  20.5   6.5 
   176  22.0   6.5 
   177  18.0   5.1 
   178  22.5   4.0 
   179  20.5   4.0 
   180  19.5   4.0 
   181  20.5   3.5 
   182  19.0   DNA 
   183  18.0   DNA 
   184  21.0   DNA 
   185  21.5   DNA 
   186  22.5   DNA 
   187  18.5   DNA 
   188  20.0   DNA 
   189  17.0   DNA 
   190  20.5  11.0 
   191  24.0  11.5 
   192  23.0  15.0 
   193  22.0  14.0 
   194  21.0  13.0 
   195  21.0  14.5 
   196  18.0  14.5 
   197  17.0  15.0 
   198  17.0  15.5 
   199  16.5  14.5 
   200  16.5  15.0 
   201  15.5  14.5 
   202  22.0  16.5 
   203  21.5  15.5 
   204  19.5  15.5 
   205  19.0  15.0 
   206  18.0  15.0 
   207  21.0  15.0 
   208  19.5  14.0 
   209  20.0  14.5 
   210  21.5  14.5 
   211  18.0  15.0 
   212  16.5  14.5 
   213  18.0  14.0 
   214  17.5  14.0 
   215  19.5  15.1 
   216  18.5  14.5 
   217  20.5  13.6 
   218  18.5  15.0 
   219  19.5  13.0 
   220  21.0  14.5 
   221  20.0  14.0 
   222  21.5  14.5 
   223  17.5  15.0 
   224  17.0  14.5 
   225  18.0  13.5 
   226  17.6  14.5 
   227  18.0  14.5 
   228  17.5  14.5 
   229  19.0  15.0 
   230  16.0  14.5 
   231  16.0  14.0 
   232  18.0  14.0 
   233  16.5  13.0 
   234  18.5  12.5 
   235  19.0  13.5 
   236  19.0  13.5 
   237  20.5  14.5 
   238  21.0  14.0 
   239  18.0  14.0 
   240  21.5  14.5 
   241  20.5  15.0 
   242  18.5  15.0 
   243  17.5  15.0 
   244  17.2  13.0 
   245  20.0  14.0 
   246  20.5  13.0 
   247  19.5  14.0 
   248  21.0  13.0 
   249  20.0  11.0 
   250  20.0  11.5 
   251  22.0  10.0 
   252  21.5  15.5 
   253  18.0  11.0 
   254  20.5  11.0 
   255  19.5  12.5 
   256  20.5  10.0 
   257  19.5  12.5 
   258  20.5  11.0 
   259  23.0  11.5 
   260  23.0  11.5 
   261  22.0  14.5 
   262  19.5  14.5 
   263  21.0  13.5 
   264  17.0  11.0 
   265  18.5  13.5 
   266  21.0  13.5 
   267  20.0  11.0 
   268  21.0  11.5 
   269  21.0  16.0 
   270  21.0  12.0 
   271  19.0  14.0 
   272  17.0  12.5 
   273  18.5  12.0 
   274  16.5  12.0 
   275  18.5  12.5 
   276  15.5  11.5 
   277  15.0  11.0 
   278  19.0   9.5 
   279  20.5  10.0 
   280  21.0   9.5 
   281  20.5  10.0 
   282  20.0  11.0 
   283  20.0   8.5 
   284  21.0   9.5 
   285  21.0   9.0 
   286  20.0   8.0 
   287  18.5   8.5 
   288  18.5   9.5 
   289  17.0   9.5 
   290  20.0  10.0 
   291  15.0  10.4 
   292  19.0   9.5 
   293  20.0   9.5 
   294  20.0   8.5 
   295  17.5  10.0 
   296  17.5   9.5 
   297  18.5   8.5 
   298  18.5   8.5 
   299  18.0   9.0 
   300  17.5   6.5 
   301  18.5  11.0 
   302  16.0   6.5 
   303  17.0   6.5 
   304  18.0   5.5 
   305  21.0   5.0 
   306  21.0   3.5 
   307  18.5   5.0 
   308  18.0   6.5 
   309  16.0   5.5 
   310  16.5   5.5 
   311  16.0   4.5 
   312  15.0   4.5 
   313  15.0   0.3 
   314  16.0   0.2 
   315  21.0   5.0 
   316  21.5   0.3 
   317  17.5   0.5 
   318  16.5   0.5 
   319  17.0   0.4 
   320  16.0   0.5 
   321  14.5   7.0 
   322  16.5   5.0 
   323  11.0   7.5 
   324  16.0   5.5 
   325  14.5   5.5 
   326  18.0   6.0 
   327  16.5   4.0 
   328  15.5   5.5 
   329  15.0   0.4 
   330  14.0   4.0 
   331  15.0   0.3 
   332  14.4   0.3 
   333  15.5   0.4 
   334  13.5   0.5 
   335  17.0   3.0 
   336  17.0   2.0 
   337  19.5   2.0 
   338  15.5   2.0 
   339  15.0   3.0 
   340  13.5   5.0 
   341  14.5   5.0 
   342  13.5   3.0 
   343  12.0   1.0 
   344  11.5   2.0 
   345  12.5   5.0 
   346  14.0   4.0 
   347  18.0   1.0 
   348  15.0   2.0 
   349  14.0   1.5 
   350  15.0   2.5 
   351  11.0  -2.0 
   352  11.5  -3.0 
   353  18.0   1.0 
   354  14.0   2.0 
   355  13.0  -0.5 
   356  12.0  -1.5 
   357  10.5  -4.0 
   358  10.5  -1.5 
   359  16.0  -4.0 
   360  17.0   1.0 
   361  11.5   1.0 
   362  11.5  -1.0 
   363  11.5  -1.0 
   364   9.5   1.5 
   365   7.0  -4.5 
