2005          Temperature for LETE                    
        Tmax  Tmin
     1  12.0  -1.5 
     2  13.5  -1.0 
     3  11.5  -1.0 
     4  14.5  -2.0 
     5  14.5   2.5 
     6  12.0  -3.0 
     7  11.5  -0.5 
     8   9.0  -1.0 
     9   6.0  -1.0 
    10   6.0  -2.0 
    11   8.0  -2.0 
    12   9.5  -2.5 
    13   9.5  -2.5 
    14  10.0  -3.0 
    15  10.0  -1.5 
    16  10.0  -0.5 
    17   7.0   0.0 
    18   1.0  -3.0 
    19   8.5  -3.0 
    20   7.5  -4.0 
    21  10.5  -2.0 
    22   5.5  -1.0 
    23   7.0  -0.2 
    24  10.5  -3.0 
    25  11.0  -3.0 
    26  11.5  -4.0 
    27  10.5   0.0 
    28   3.5   0.0 
    29   9.0  -3.0 
    30   9.0  -4.0 
    31   9.0   0.0 
    32   5.5   0.0 
    33   9.0  -1.0 
    34  11.0  -1.0 
    35   6.5  -0.5 
    36   9.0  -2.0 
    37   7.5  -0.5 
    38   9.0   0.5 
    39   5.0   1.0 
    40  15.0  -1.5 
    41  15.5   2.0 
    42  13.0   2.5 
    43  16.0   1.0 
    44  13.0   0.5 
    45  15.0   1.0 
    46  13.5   2.5 
    47  10.0   2.0 
    48   8.5  -0.5 
    49   9.5  -2.0 
    50  13.5  -2.5 
    51  13.5  -2.0 
    52  13.5  -1.0 
    53  14.5  -0.5 
    54  15.5  -0.5 
    55  15.5   2.0 
    56  15.5   1.5 
    57  15.0   2.5 
    58  14.0   4.0 
    59  15.5   3.5 
    60  15.0   2.5 
    61  16.5   3.0 
    62  18.0   4.0 
    63  19.5   5.0 
    64  14.0   5.0 
    65  17.5   3.0 
    66  17.5   5.0 
    67  15.5   4.5 
    68  18.0   4.5 
    69  14.0   4.0 
    70  11.5   3.5 
    71  13.0   1.0 
    72  16.5   0.5 
    73  16.5   2.0 
    74  17.0   4.0 
    75  16.5   4.5 
    76  17.5   7.0 
    77  15.0   5.0 
    78  15.5   5.0 
    79  16.0   4.0 
    80  18.0   2.5 
    81  15.0   3.5 
    82  13.0   2.0 
    83  10.0   1.5 
    84  12.5   0.0 
    85  13.0   2.0 
    86  15.0   3.5 
    87  16.5   3.5 
    88  15.0   3.0 
    89  17.0   0.0 
    90  16.5   2.0 
    91  17.5   3.5 
    92  16.5   4.5 
    93  17.5   2.5 
    94  19.5   1.5 
    95  19.5   4.5 
    96  16.5   9.5 
    97  17.0   6.5 
    98  17.0   7.0 
    99  15.0   3.0 
   100  16.5   6.5 
   101  17.0   6.0 
   102  20.0   6.0 
   103  20.5   6.5 
   104  20.0   6.0 
   105  20.0   5.5 
   106  21.5   6.0 
   107  20.5   5.0 
   108  20.5   5.2 
   109  18.0   4.0 
   110  19.5   4.0 
   111  20.0   6.5 
   112  19.0   7.5 
   113  19.0   6.5 
   114  20.0   6.5 
   115  19.0   7.0 
   116  18.0   6.0 
   117  18.5   7.0 
   118  13.5   5.5 
   119  15.5   4.5 
   120  16.0   5.0 
   121  14.5   4.5 
   122  17.5   3.5 
   123  16.5   6.0 
   124  17.0   7.5 
   125  15.0   5.5 
   126  12.5   8.0 
   127  15.5   7.0 
   128  15.0   7.5 
   129  18.5   7.0 
   130  18.0   7.5 
   131  20.0   4.5 
   132  18.5   5.0 
   133  19.5   6.0 
   134  21.0   5.0 
   135  20.5   7.0 
   136  21.0   8.5 
   137  20.0   7.5 
   138  20.5   8.0 
   139  20.0   8.0 
   140  20.0   7.5 
   141  20.5   7.5 
   142  21.0   8.0 
   143  21.0  11.0 
   144  21.5  10.0 
   145  21.5  10.0 
   146  24.0  10.0 
   147  23.0  10.0 
   148  23.5   9.5 
   149  22.5  10.5 
   150  21.0  11.0 
   151  24.5  12.5 
   152  22.5   9.5 
   153  22.5   8.5 
   154  21.0   9.0 
   155  20.5   8.5 
   156  18.0  10.0 
   157  20.0  10.0 
   158  18.5  10.0 
   159  19.0  10.0 
   160  22.0   8.5 
   161  23.5  10.0 
   162  23.0  10.5 
   163  23.5  11.0 
   164  24.5  12.5 
   165  23.5  10.5 
   166  24.5  12.5 
   167  25.0  10.5 
   168  24.5  12.5 
   169  23.5  11.0 
   170  28.0  12.3 
   171  23.0  13.0 
   172  20.5  12.0 
   173  20.5  14.0 
   174  18.5  14.0 
   175  22.0  13.2 
   176  24.0  15.2 
   177  21.5  14.5 
   178  21.0  14.0 
   179  22.5  12.5 
   180  22.0  13.5 
   181  20.5  14.0 
   182  20.0  13.5 
   183  17.5  13.0 
   184  17.5  14.5 
   185  16.5  13.0 
   186  17.0  14.0 
   187  16.5  14.0 
   188  22.5  12.5 
   189  23.5  15.2 
   190  20.5  14.5 
   191  16.5  15.8 
   192  19.5  14.3 
   193  18.5  14.5 
   194  19.0  15.0 
   195  16.5  14.0 
   196  19.0  13.5 
   197  17.0  14.5 
   198  15.0  12.5 
   199  16.2  14.0 
   200  19.3  16.2 
   201  18.0  15.0 
   202  20.5  14.5 
   203  18.0  15.0 
   204  19.0  14.5 
   205  20.5  13.5 
   206  21.0  15.0 
   207  22.0  13.0 
   208  20.5  14.0 
   209  21.5  14.5 
   210  21.5  15.5 
   211  21.5  14.0 
   212  21.5  15.5 
   213  23.0  15.5 
   214  21.5  15.5 
   215  21.5  16.0 
   216  21.5  15.5 
   217  22.5  13.5 
   218  17.5  14.5 
   219  18.0  14.5 
   220  21.5  12.5 
   221  22.0  12.5 
   222  22.5  13.5 
   223  22.6  14.5 
   224  17.5  15.5 
   225  19.0  14.0 
   226  19.0  15.0 
   227  19.5  13.5 
   228  20.0  14.7 
   229  19.0  15.1 
   230  19.5  14.5 
   231  18.5  13.0 
   232  19.0  14.0 
   233  17.5  13.0 
   234  17.5  12.0 
   235  16.2  12.5 
   236  19.0  14.0 
   237  17.0  12.5 
   238  19.0  13.0 
   239  21.5  13.0 
   240  19.0  10.5 
   241  21.5  11.0 
   242  22.5  10.0 
   243  22.0  11.0 
   244  23.0  13.0 
   245  20.4  14.5 
   246  21.0  12.3 
   247  17.5  11.0 
   248  20.0  12.5 
   249  16.0  13.5 
   250  21.0  13.2 
   251  23.0  14.0 
   252  22.0  12.4 
   253  21.5  11.5 
   254  21.5  14.5 
   255  21.5  11.2 
   256  21.5  11.0 
   257  16.0  12.0 
   258  18.5  10.5 
   259  15.5  10.0 
   260  15.5  11.0 
   261  19.0  11.5 
   262  21.5  12.5 
   263  23.0  12.0 
   264  18.0  12.5 
   265  15.5  13.0 
   266  19.5  12.0 
   267  20.0  11.5 
   268  20.5  11.0 
   269  20.5  15.0 
   270  21.5  11.5 
   271  21.5  11.0 
   272  21.0  10.5 
   273  21.0  11.0 
   274  20.0  10.5 
   275  21.5  10.0 
   276  20.0   9.0 
   277  18.5  10.0 
   278  18.5   9.5 
   279  19.0   8.0 
   280  14.5  11.0 
   281  17.5   9.5 
   282  17.5   6.0 
   283  18.2   7.0 
   284  19.0   5.5 
   285  18.5   5.5 
   286  18.5   4.0 
   287  18.5   4.5 
   288  18.5   5.5 
   289  19.5   4.5 
   290  19.0   4.0 
   291  18.5   4.0 
   292  17.0   6.0 
   293  10.5   2.5 
   294  14.5   2.0 
   295  16.5   5.5 
   296  19.0   2.5 
   297  19.5   6.0 
   298  18.5   4.5 
   299  15.0   6.0 
   300  16.0   4.5 
   301  17.5   3.5 
   302  16.5   4.5 
   303  14.5   5.0 
   304  13.5   3.0 
   305  13.0   2.5 
   306  14.5   1.0 
   307  14.0   2.0 
   308  13.5   0.1 
   309  13.5   1.0 
   310  15.5   1.0 
   311  15.2   2.0 
   312  17.0   3.0 
   313  17.5   1.0 
   314  17.5   3.5 
   315  16.0   4.0 
   316  16.0   3.0 
   317  14.5   4.0 
   318  16.6   0.5 
   319  14.0   1.0 
   320  14.0   4.0 
   321  13.0   3.0 
   322  13.5   2.5 
   323  13.5   3.0 
   324  13.5   2.5 
   325  13.4   2.0 
   326  13.0   2.0 
   327  13.0   1.0 
   328  13.0   1.5 
   329  12.5  -0.5 
   330  13.0   2.5 
   331  12.5   1.0 
   332  13.5  -0.5 
   333  16.5  -0.5 
   334  15.5   1.5 
   335  13.0  -0.5 
   336  16.0  -1.5 
   337  17.0   1.0 
   338  12.5  -2.5 
   339  19.5   0.0 
   340  11.5   0.0 
   341  12.5   0.0 
   342  11.5   0.0 
   343  11.0   0.0 
   344  10.0  -0.5 
   345  12.5   0.0 
   346  13.0  -0.5 
   347  15.5   0.0 
   348  13.0   2.0 
   349  15.0   2.0 
   350  15.5   2.0 
   351  14.5   1.0 
   352  15.0  -1.5 
   353  12.5  -1.5 
   354  12.6  -0.5 
   355  10.0   0.0 
   356  10.0  -2.5 
   357   7.0  -3.5 
   358   8.0  -2.0 
   359  13.5  -0.5 
   360  17.5  -1.0 
   361  15.0   0.5 
   362  11.0   0.0 
   363  10.2  -2.0 
   364  10.0   0.0 
   365  13.0   1.0 
