2006          Temperature for LETE                    
        Tmax  Tmin
     1  16.5  -1.0 
     2  17.5   0.5 
     3  15.0  -5.0 
     4  16.0  -2.0 
     5  16.5  -0.5 
     6  14.5   0.0 
     7  15.0  -5.0 
     8  15.5  -5.0 
     9  16.0  -0.5 
    10  14.5   0.5 
    11  15.0   3.0 
    12  13.5   1.0 
    13  12.5  -1.0 
    14  11.5  -1.5 
    15  10.0  -2.0 
    16  11.5   2.5 
    17  13.5   2.5 
    18  13.5   1.5 
    19  16.0   1.5 
    20  14.5   2.0 
    21  13.5   2.0 
    22  13.0   0.5 
    23  12.0   1.6 
    24   9.0  -1.5 
    25  11.5  -2.0 
    26  10.5  -3.0 
    27  12.5   0.0 
    28  13.5  -0.5 
    29  13.0   0.5 
    30  13.0  -0.5 
    31  13.5   1.0 
    32  15.5   3.0 
    33  12.5   3.5 
    34  13.4   2.5 
    35  18.5   1.5 
    36  22.0   3.5 
    37  16.0   4.0 
    38  13.5   4.5 
    39  10.5   1.0 
    40  10.0   1.2 
    41  12.5   1.4 
    42  13.0  -1.0 
    43  13.0   4.0 
    44  12.5   3.0 
    45  15.0   2.0 
    46  12.0   3.5 
    47  12.0   1.0 
    48  15.5   1.0 
    49  16.5   3.5 
    50  18.0   3.5 
    51  16.5   1.0 
    52  18.0   4.0 
    53  17.5   5.0 
    54  19.0   6.0 
    55  20.0   6.0 
    56  19.5   5.0 
    57  20.5   6.5 
    58  19.0   4.5 
    59  17.0   3.6 
    60  19.0   2.0 
    61  16.0   2.0 
    62  16.5   3.5 
    63  16.5   3.0 
    64  11.0   2.0 
    65  14.0   1.0 
    66  15.0   1.5 
    67  16.5   3.0 
    68  17.5   5.0 
    69   9.5   4.5 
    70   6.0  -2.5 
    71  12.5  -1.5 
    72  15.5   1.0 
    73  12.5   2.0 
    74   9.0   3.0 
    75  11.6   3.0 
    76  13.0   0.5 
    77  15.5   0.0 
    78  15.5   3.0 
    79  16.5   3.5 
    80  15.0   4.0 
    81  15.5   4.0 
    82  16.4   3.0 
    83  16.5   5.0 
    84  18.5   4.0 
    85  19.0   4.0 
    86  18.0   4.5 
    87  16.0   3.0 
    88  17.0   2.5 
    89  18.0   3.5 
    90  18.0   2.0 
    91  16.0   6.5 
    92  16.0   4.0 
    93  16.5   3.0 
    94  16.0   4.5 
    95  17.0   6.0 
    96  17.5   7.5 
    97  17.5   7.0 
    98  17.0   4.0 
    99  17.5   8.0 
   100  15.5   7.5 
   101  18.0   5.5 
   102  19.0   5.0 
   103  17.5   7.0 
   104  19.5   5.5 
   105  20.0   5.5 
   106  19.0   5.5 
   107  17.6   6.0 
   108  17.5   6.5 
   109  13.0   3.5 
   110  14.6   3.5 
   111  17.0   4.0 
   112  14.0   7.0 
   113  16.5   5.0 
   114  16.0   5.0 
   115  17.5   6.0 
   116  19.0   6.5 
   117  23.5   6.0 
   118  23.5   7.0 
   119  23.0   8.0 
   120  23.5   8.5 
   121  22.0  10.5 
   122  20.0   9.0 
   123  17.0   6.5 
   124  19.0   7.5 
   125  20.0   7.5 
   126   DNA   9.5 
   127   DNA   DNA 
   128   DNA   DNA 
   129   DNA   DNA 
   130   DNA   DNA 
   131   DNA   DNA 
   132   DNA   DNA 
   133   DNA   DNA 
   134   DNA   DNA 
   135   DNA   DNA 
   136   DNA   DNA 
   137   DNA   DNA 
   138   DNA   DNA 
   139   DNA   DNA 
   140   DNA   DNA 
   141   DNA   DNA 
   142   DNA   DNA 
   143   DNA   DNA 
   144   DNA   DNA 
   145   DNA   DNA 
   146   DNA   DNA 
   147   DNA   DNA 
   148   DNA   DNA 
   149   DNA   DNA 
   150   DNA   DNA 
   151   DNA   DNA 
   152   DNA   DNA 
   153   DNA   DNA 
   154   DNA   DNA 
   155   DNA   DNA 
   156   DNA   DNA 
   157   DNA   DNA 
   158   DNA   DNA 
   159   DNA   DNA 
   160   DNA   DNA 
   161   DNA   DNA 
   162   DNA   DNA 
   163   DNA   DNA 
   164   DNA   DNA 
   165   DNA   DNA 
   166   DNA   DNA 
   167   DNA   DNA 
   168   DNA   DNA 
   169   DNA   DNA 
   170   DNA   DNA 
   171   DNA   DNA 
   172   DNA   DNA 
   173   DNA   DNA 
   174   DNA   DNA 
   175   DNA   DNA 
   176   DNA   DNA 
   177   DNA   DNA 
   178   DNA   DNA 
   179   DNA   DNA 
   180   DNA   DNA 
   181   DNA   DNA 
   182   DNA   DNA 
   183   DNA   DNA 
   184   DNA   DNA 
   185   DNA   DNA 
   186   DNA   DNA 
   187   DNA   DNA 
   188   DNA   DNA 
   189   DNA   DNA 
   190   DNA   DNA 
   191   DNA   DNA 
   192   DNA   DNA 
   193   DNA   DNA 
   194   DNA   DNA 
   195   DNA   DNA 
   196   DNA   DNA 
   197   DNA   DNA 
   198   DNA   DNA 
   199   DNA   DNA 
   200   DNA   DNA 
   201   DNA   DNA 
   202   DNA   DNA 
   203   DNA   DNA 
   204   DNA   DNA 
   205   DNA   DNA 
   206   DNA   DNA 
   207   DNA   DNA 
   208   DNA   DNA 
   209   DNA   DNA 
   210   DNA   DNA 
   211   DNA   DNA 
   212   DNA   DNA 
   213   DNA   DNA 
   214   DNA   DNA 
   215   DNA   DNA 
   216   DNA   DNA 
   217   DNA   DNA 
   218   DNA   DNA 
   219   DNA   DNA 
   220   DNA   DNA 
   221   DNA   DNA 
   222   DNA   DNA 
   223   DNA   DNA 
   224   DNA   DNA 
   225   DNA   DNA 
   226   DNA   DNA 
   227   DNA   DNA 
   228   DNA   DNA 
   229   DNA   DNA 
   230   DNA   DNA 
   231   DNA   DNA 
   232   DNA   DNA 
   233   DNA   DNA 
   234   DNA   DNA 
   235   DNA   DNA 
   236   DNA   DNA 
   237   DNA   DNA 
   238   DNA   DNA 
   239   DNA   DNA 
   240   DNA   DNA 
   241   DNA   DNA 
   242   DNA   DNA 
   243   DNA   DNA 
   244  22.0   9.5 
   245  23.0   8.5 
   246  23.5   9.0 
   247  23.5  10.0 
   248  23.0  10.0 
   249  23.5  11.0 
   250  21.0  11.0 
   251  20.0  15.0 
   252  20.0  15.0 
   253  18.0  12.0 
   254  16.0  13.0 
   255  15.5  12.0 
   256  19.5  11.5 
   257  21.5  12.0 
   258  21.0   9.5 
   259  21.0   9.5 
   260  22.0  10.0 
   261  21.5  12.0 
   262  22.0  13.0 
   263  23.0  14.0 
   264  23.0  13.0 
   265  23.5  12.5 
   266  15.0  13.0 
   267  16.5  12.5 
   268  19.0  12.0 
   269  20.5  10.0 
   270  21.0  10.5 
   271  22.0   9.0 
   272  21.5   9.5 
   273  22.0  10.5 
   274  22.0  10.5 
   275  20.5  10.5 
   276  20.5  10.5 
   277  20.5  10.0 
   278  21.5   8.0 
   279  20.5   8.0 
   280  20.5   9.0 
   281  18.5   8.2 
   282  19.0   9.0 
   283  19.5   9.5 
   284  17.5   9.5 
   285  15.5  10.5 
   286  16.0   8.0 
   287  17.0   8.5 
   288  18.5   9.0 
   289  18.0   7.0 
   290  18.0   6.0 
   291  17.0   6.0 
   292  16.0   5.0 
   293  14.5   6.0 
   294  14.5   5.0 
   295  13.0   3.0 
   296  13.5   4.0 
   297  15.5   2.5 
   298  17.0   4.0 
   299  18.0   4.0 
   300  16.0   4.0 
   301  16.0   3.5 
   302  17.4   4.0 
   303  19.0   5.0 
   304  18.0   5.0 
   305  18.0   5.0 
   306  17.5   4.0 
   307  16.5   7.0 
   308  19.0   6.0 
   309  18.5   5.5 
   310  17.5   4.5 
   311  16.5   4.5 
   312  15.5   2.5 
   313  16.0   3.5 
   314  17.0   3.5 
   315  15.5   2.5 
   316  16.0   3.0 
   317  15.0   4.5 
   318  15.5   6.0 
   319  15.5   5.0 
   320  14.5   3.0 
   321  14.0   3.5 
   322  12.5   3.0 
   323  11.0   2.0 
   324  12.5   1.5 
   325  10.5   3.0 
   326  12.0   3.4 
   327  10.5   2.6 
   328  10.5   1.0 
   329  11.2   0.5 
   330  11.5   0.2 
   331  10.0   0.3 
   332  10.2   0.5 
   333  10.5   0.0 
   334  12.5   0.1 
   335  12.5   1.0 
   336  13.0   1.5 
   337  16.5   1.0 
   338  13.0   1.0 
   339  13.0   2.5 
   340  16.0   3.5 
   341  10.5   3.0 
   342  11.0   3.5 
   343  12.0   1.0 
   344  12.5   1.0 
   345  13.0   1.0 
   346   7.5  -0.5 
   347  13.5  -1.0 
   348  10.0   0.0 
   349  20.0  -1.5 
   350  15.5  -1.0 
   351  12.5   2.5 
   352  10.0   4.5 
   353   9.0   1.0 
   354  12.0   0.0 
   355  12.0   2.0 
   356  12.0   1.0 
   357  11.5   1.5 
   358  10.5   1.0 
   359  12.5   0.0 
   360  12.0   1.5 
   361   9.5   0.0 
   362   9.5  -0.2 
   363   9.5  -0.5 
   364  10.0  -1.0 
   365  10.0  -1.5 
