2009          Temperature for LETE                    
        Tmax  Tmin
     1   5.5   0.0 
     2   8.5  -0.5 
     3  10.0  -0.5 
     4   7.0   2.5 
     5   7.0  -0.5 
     6   8.0  -1.0 
     7   8.5  -3.0 
     8  10.5  -2.0 
     9  10.5  -1.5 
    10  12.0  -1.0 
    11  11.5  -0.5 
    12  12.0  -1.0 
    13  14.0   0.5 
    14  12.0   1.0 
    15  12.5   1.5 
    16  12.0   3.0 
    17  13.5   4.0 
    18  15.0   0.5 
    19  15.0   2.5 
    20  17.0   2.5 
    21  22.5   2.0 
    22  16.0   1.5 
    23  18.0   5.2 
    24  18.5   6.0 
    25  16.0   4.5 
    26  18.0   4.5 
    27  16.5   2.0 
    28  17.0   0.5 
    29  17.0   2.5 
    30  15.5   2.0 
    31  13.5  -2.0 
    32  17.5  -1.0 
    33  17.5   0.5 
    34  12.0   3.0 
    35  12.0  -2.0 
    36  13.0   0.0 
    37  15.0   1.0 
    38  15.5   0.0 
    39  16.0   2.0 
    40  21.5   2.5 
    41  21.5   3.0 
    42  15.0  -3.0 
    43  17.0   0.0 
    44  18.0   2.5 
    45  18.0   2.0 
    46  17.0   1.5 
    47  16.5   1.5 
    48  18.0   2.0 
    49  18.0   1.0 
    50  18.0   2.0 
    51  18.0   3.0 
    52  16.0   1.5 
    53  17.0   0.0 
    54  17.0   0.0 
    55  16.5   0.0 
    56  16.5   2.0 
    57  15.0   2.0 
    58  14.5   1.0 
    59  14.5   0.0 
    60  15.5  -0.5 
    61  13.0   0.0 
    62  16.0   3.0 
    63  19.5   2.0 
    64  19.5   4.5 
    65  20.7   4.5 
    66  21.0   2.5 
    67  19.6   4.0 
    68  16.5   2.0 
    69  16.5   0.4 
    70  13.0   0.0 
    71  16.2   0.0 
    72  20.0   7.0 
    73  19.5   3.7 
    74  15.5   3.0 
    75  16.0   3.9 
    76  16.0   2.5 
    77  16.5   2.0 
    78  16.5   2.0 
    79  13.0   0.0 
    80  13.0   2.0 
    81  14.5   3.0 
    82  17.0   3.0 
    83  16.6   2.0 
    84  14.5   4.5 
    85  13.0   2.0 
    86  13.0   0.5 
    87  14.0   4.0 
    88  15.5   4.0 
    89  14.5   2.5 
    90  14.5   3.5 
    91  18.0   2.5 
    92  15.7   5.5 
    93  17.5   6.0 
    94  20.0   8.5 
    95  20.0   6.5 
    96  18.0   6.0 
    97  16.0   6.2 
    98  17.5   4.0 
    99  12.0   5.0 
   100  17.0   1.0 
   101  21.0   2.2 
   102  19.0   5.0 
   103  18.5   7.0 
   104  20.0   8.0 
   105  21.0   8.0 
   106  19.5   7.5 
   107  19.5   7.7 
   108  22.5   6.6 
   109  21.0   7.5 
   110  21.0   6.0 
   111  21.0   7.0 
   112  22.0   5.5 
   113  22.0   6.0 
   114  22.5   7.5 
   115  21.0   7.3 
   116  21.0   5.4 
   117  21.5   7.5 
   118  21.5   8.3 
   119  20.5   7.5 
   120  21.5   7.5 
   121  22.5   9.0 
   122  22.5   9.0 
   123  22.5   7.0 
   124  18.0   5.5 
   125  21.0   6.5 
   126  21.5   7.0 
   127  22.0   6.5 
   128  22.0   6.5 
   129  21.0   6.5 
   130  19.5   8.0 
   131  17.5   7.0 
   132  11.5   4.5 
   133  15.5   5.0 
   134  19.0   5.5 
   135  19.0   6.0 
   136  19.0   7.0 
   137  19.0   8.5 
   138  22.5   8.0 
   139  23.0  10.0 
   140  21.5  10.5 
   141  21.5  10.0 
   142  18.5  11.0 
   143  18.5  11.0 
   144  21.0  10.0 
   145  21.0  11.0 
   146  21.5  10.0 
   147  21.5   8.0 
   148  19.5   8.3 
   149  19.5   8.5 
   150  18.0   8.0 
   151  18.0   9.5 
   152  20.6   8.0 
   153  21.5  10.0 
   154  22.0   9.5 
   155  24.5  11.5 
   156  20.0  13.7 
   157  20.0  10.0 
   158  22.2   9.5 
   159  23.0  10.5 
   160  21.0   9.0 
   161  20.7  10.0 
   162  20.0   7.5 
   163  20.0  11.3 
   164  21.0  10.5 
   165  22.0   9.0 
   166  22.0  10.7 
   167  24.0  11.0 
   168  25.0  10.5 
   169  24.5  11.3 
   170  25.0  11.0 
   171  25.5  11.0 
   172  24.7  11.0 
   173  24.5  11.5 
   174  23.5  14.5 
   175  17.5  14.8 
   176  24.0  12.5 
   177  21.5  15.5 
   178  18.0  15.0 
   179  18.0  15.0 
   180  21.5  12.5 
   181  20.0  15.0 
   182  17.0  12.0 
   183  18.7  13.0 
   184  21.0  10.5 
   185  21.0  13.4 
   186  21.0  10.5 
   187  20.5  14.0 
   188  22.0  12.0 
   189  23.0  14.5 
   190  21.0  14.5 
   191  21.0  14.5 
   192  21.5  14.5 
   193  20.0  14.5 
   194  18.0  13.5 
   195  24.0  12.0 
   196  21.5  13.5 
   197  23.5  13.0 
   198  21.0  12.5 
   199  23.5  14.0 
   200  23.5  13.5 
   201  24.0  12.0 
   202  25.0  15.0 
   203  22.0  14.0 
   204  20.0  14.5 
   205  22.5  14.6 
   206  24.5  14.5 
   207  21.5  16.0 
   208  18.0  15.5 
   209  16.0  14.5 
   210  18.0  12.5 
   211  20.5  14.0 
   212  20.0  14.6 
   213  19.5  15.0 
   214  22.5  12.5 
   215  22.0  15.5 
   216  25.5  15.5 
   217  23.0  16.0 
   218  19.0  15.0 
   219  17.0  14.5 
   220  21.5  13.5 
   221  20.0  15.0 
   222  20.0  14.5 
   223  22.0  12.5 
   224  22.0  15.0 
   225  24.0  14.5 
   226  24.0  13.5 
   227  18.0  13.0 
   228  17.0  14.0 
   229  16.0  12.5 
   230  18.0  12.5 
   231  20.0  14.0 
   232  21.5  13.0 
   233  19.7  12.0 
   234  22.5  11.5 
   235  21.5  12.0 
   236  19.5  13.0 
   237  18.5  13.0 
   238  20.0  13.0 
   239  19.5  10.5 
   240  18.0  13.0 
   241  21.0  13.0 
   242  21.5  12.5 
   243  20.5  11.0 
   244  22.0  16.5 
   245  20.7  13.2 
   246  17.5  12.5 
   247  21.0  11.0 
   248  20.0  12.0 
   249  16.5  12.2 
   250  16.0  12.5 
   251  20.0  11.5 
   252  18.0  11.0 
   253  17.5  10.5 
   254  20.0  10.5 
   255  21.0   9.5 
   256  21.0  10.5 
   257  21.0  10.0 
   258  20.5  11.5 
   259  21.5  10.5 
   260  21.5  10.0 
   261  21.5  10.3 
   262  21.0  11.0 
   263  19.5  11.4 
   264  17.5  13.0 
   265  18.5   9.7 
   266  18.0  11.7 
   267  18.5  12.0 
   268  19.0  11.0 
   269  22.0  10.5 
   270  23.0  10.5 
   271  21.0   8.5 
   272  21.5  10.0 
   273  22.0  11.0 
   274  22.0  10.5 
   275  23.0   9.0 
   276  19.0   7.5 
   277  18.0  10.5 
   278  18.0  10.0 
   279  16.5  12.5 
   280  14.0   9.0 
   281  16.6   7.0 
   282  18.0   6.0 
   283  18.5   5.0 
   284  17.5   3.3 
   285  17.3   4.5 
   286  17.5   5.0 
   287  18.5   4.5 
   288  19.5   5.0 
   289  19.7   6.0 
   290  19.0   5.0 
   291  18.0   4.0 
   292  17.0   4.5 
   293  17.9   3.0 
   294  17.5   4.0 
   295  16.4   4.0 
   296  17.5   4.5 
   297  17.5   4.5 
   298  17.0   4.0 
   299  16.5   4.5 
   300  18.0   4.5 
   301  17.5   3.5 
   302  20.0   5.0 
   303  19.5   4.0 
   304  21.0   4.5 
   305  17.5   3.0 
   306  17.5   3.0 
   307  20.5   2.3 
   308  20.5   1.5 
   309  19.5   2.6 
   310  19.5   3.0 
   311  18.7   1.5 
   312  18.0   2.0 
   313  15.5   1.0 
   314  15.5   0.5 
   315  15.5   1.5 
   316  19.5   4.0 
   317  15.0   5.0 
   318  17.0   6.0 
   319  15.3   4.5 
   320  13.5   3.0 
   321  14.5   2.5 
   322  14.5   2.2 
   323  14.5  -1.0 
   324  15.0   1.0 
   325  11.0  -2.0 
   326  13.0  -1.0 
   327  14.0   0.5 
   328  14.0   0.2 
   329  14.0   0.0 
   330  14.6   1.5 
   331  14.5  -3.0 
   332  12.5  -2.0 
   333  13.6  -1.0 
   334  13.5   1.5 
   335  14.0   0.2 
   336  14.0   3.5 
   337  14.5  -1.0 
   338  13.5   1.0 
   339  13.0  -2.0 
   340  12.5   1.0 
   341  12.0   0.0 
   342  11.5  -2.0 
   343  11.6  -2.5 
   344  13.5  -2.0 
   345  14.0  -1.0 
   346  14.5   1.0 
   347  12.0   3.0 
   348  14.5  -0.5 
   349  10.5   0.0 
   350  13.6   0.0 
   351  14.0  -3.0 
   352  13.0   0.0 
   353  14.5  -0.5 
   354  16.5   0.5 
   355  12.0  -0.5 
   356  13.0   0.0 
   357  10.0  -2.5 
   358   9.0  -1.5 
   359  14.5  -1.5 
   360  10.3  -2.0 
   361  10.0  -4.5 
   362   9.5  -2.5 
   363   9.5  -3.5 
   364   6.6  -3.0 
   365   7.6  -2.0 
