2000          Temperature for LETE                    
        Tmax  Tmin
     1  10.0  -0.5 
     2  11.0  -0.5 
     3  12.0  -1.0 
     4  12.0  -0.5 
     5  13.5  -1.0 
     6  12.5  -1.0 
     7  12.0   0.5 
     8  10.5   0.0 
     9   6.5  -0.5 
    10   8.5  -0.5 
    11  10.5   1.0 
    12  14.0   2.0 
    13   7.0   3.0 
    14   8.5  -1.5 
    15  10.5  -3.5 
    16  10.0  -4.0 
    17  13.0  -1.5 
    18  14.0  -0.5 
    19  10.5  -0.5 
    20   9.5  -1.5 
    21   4.0   2.0 
    22   4.0   1.0 
    23   4.5  -0.5 
    24   5.0   1.5 
    25   8.0  -0.5 
    26   9.5  -0.5 
    27   9.5  -1.5 
    28   9.0  -3.0 
    29  15.0  -3.0 
    30  16.5  -0.5 
    31   6.0  -1.5 
    32   3.5  -0.5 
    33   7.5  -3.5 
    34  10.0   0.0 
    35  11.0  -0.5 
    36   5.5  -0.5 
    37   8.0  -0.5 
    38   8.0  -0.5 
    39   9.0  -0.5 
    40  11.0  -0.5 
    41  10.3   1.0 
    42   5.0  -0.5 
    43   6.0  -0.5 
    44  10.0  -0.7 
    45  10.5  -3.0 
    46  16.0  -0.5 
    47   9.5  -0.5 
    48   7.0  -0.5 
    49   6.0  -0.5 
    50   7.0  -4.0 
    51   8.0  -4.0 
    52   8.5  -4.0 
    53  10.0  -2.5 
    54  11.0   0.5 
    55  12.5  -2.5 
    56  11.5  -2.0 
    57   8.0  -2.0 
    58  10.0  -1.5 
    59   4.5   1.2 
    60   4.5   1.0 
    61   DNA   DNA 
    62   DNA   DNA 
    63   DNA   DNA 
    64   DNA   DNA 
    65   DNA   DNA 
    66   DNA   DNA 
    67   DNA   DNA 
    68   DNA   DNA 
    69   DNA   DNA 
    70   DNA   DNA 
    71   DNA   DNA 
    72   DNA   DNA 
    73   DNA   DNA 
    74   DNA   DNA 
    75   DNA   DNA 
    76   DNA   DNA 
    77   DNA   DNA 
    78   DNA   DNA 
    79   DNA   DNA 
    80   DNA   DNA 
    81   DNA   DNA 
    82   DNA   DNA 
    83   DNA   DNA 
    84   DNA   DNA 
    85   DNA   DNA 
    86   DNA   DNA 
    87   DNA   DNA 
    88   DNA   DNA 
    89   DNA   DNA 
    90   DNA   DNA 
    91   DNA   DNA 
    92   DNA   DNA 
    93   DNA   DNA 
    94   DNA   DNA 
    95   DNA   DNA 
    96   DNA   DNA 
    97   DNA   DNA 
    98   DNA   DNA 
    99   DNA   DNA 
   100   DNA   DNA 
   101   DNA   DNA 
   102   DNA   DNA 
   103   DNA   DNA 
   104   DNA   DNA 
   105   DNA   DNA 
   106   DNA   DNA 
   107   DNA   DNA 
   108   DNA   DNA 
   109   DNA   DNA 
   110   DNA   DNA 
   111   DNA   DNA 
   112   DNA   DNA 
   113   DNA   DNA 
   114   DNA   DNA 
   115   DNA   DNA 
   116   DNA   DNA 
   117   DNA   DNA 
   118   DNA   DNA 
   119   DNA   DNA 
   120   DNA   DNA 
   121   DNA   DNA 
   122  19.0  10.5 
   123  20.0   7.0 
   124  20.5  10.0 
   125  20.0   8.0 
   126  17.5  10.0 
   127  19.0   6.5 
   128  16.0   8.0 
   129  19.0   9.0 
   130  20.5   9.5 
   131  22.5   9.5 
   132  23.5   9.0 
   133  25.5  12.0 
   134  22.5  12.5 
   135  24.5  11.0 
   136  23.5  10.0 
   137  19.5  12.0 
   138  21.5  13.5 
   139  23.5  11.5 
   140  22.5  11.5 
   141  16.0  12.0 
   142  14.0  12.0 
   143  18.0  12.0 
   144  18.0  12.0 
   145  17.5  13.0 
   146  19.5  13.5 
   147  20.0  14.0 
   148  21.5  13.0 
   149  21.0  12.0 
   150  21.5  12.5 
   151  19.0  10.5 
   152  18.0  12.5 
   153  19.5  12.0 
   154  21.0  12.0 
   155  20.5  14.0 
   156  21.0  14.0 
   157  21.5  12.0 
   158  16.5  13.0 
   159  16.0  13.0 
   160  15.0  13.0 
   161  16.0  13.0 
   162  18.0  12.5 
   163  21.5  12.0 
   164  22.0  13.5 
   165  22.0  11.0 
   166  20.5  14.0 
   167  17.0  14.0 
   168  22.0  15.0 
   169  21.5  15.0 
   170  21.0  14.0 
   171  21.0  13.5 
   172  21.5  14.0 
   173  20.5  14.0 
   174  19.0  14.0 
   175  19.0  13.5 
   176  19.5  14.0 
   177  21.5  11.0 
   178  21.0  12.5 
   179  19.5  13.5 
   180  20.0  14.0 
   181  20.0  14.0 
   182  19.0  14.0 
   183  17.0  14.0 
   184  17.0  13.5 
   185  20.0  13.5 
   186  20.0  14.0 
   187  20.5  14.5 
   188  17.5  15.0 
   189  16.5  14.5 
   190  17.5  13.5 
   191  17.0  15.0 
   192  17.5  14.5 
   193  17.0  14.5 
   194  21.5  14.0 
   195  22.5  14.0 
   196  20.5  14.5 
   197  21.0  14.5 
   198  19.5  14.5 
   199  22.5  13.0 
   200  23.0  14.0 
   201  21.5  14.5 
   202  20.0  13.0 
   203  19.0  13.0 
   204  19.0  13.0 
   205  22.0  12.0 
   206  18.5  14.0 
   207  18.5  14.5 
   208  21.5  14.0 
   209  18.5  14.5 
   210  21.0  13.5 
   211  16.5  14.5 
   212  16.5  14.0 
   213  16.0  14.0 
   214  16.5  14.5 
   215  17.0  14.0 
   216  21.0  14.5 
   217  22.0  14.0 
   218  23.0  12.0 
   219  22.0  15.5 
   220  21.5  15.5 
   221  19.0  14.5 
   222  19.5  14.0 
   223  15.5  13.5 
   224  19.5  13.0 
   225  18.5  14.0 
   226  17.0  14.0 
   227  20.5  13.5 
   228  17.0  14.5 
   229  20.5  13.0 
   230  19.0  14.0 
   231  20.5  14.5 
   232  21.0  14.0 
   233  18.0  14.5 
   234  19.0  14.5 
   235  18.0  13.5 
   236  22.5  14.5 
   237  17.0  15.0 
   238  16.5  13.5 
   239  21.0  14.0 
   240  20.0  13.0 
   241  16.0  14.5 
   242  17.5  13.5 
   243  18.5  14.0 
   244  16.5  14.5 
   245   DNA   DNA 
   246   DNA   DNA 
   247   DNA   DNA 
   248   DNA   DNA 
   249   DNA   DNA 
   250   DNA   DNA 
   251   DNA   DNA 
   252   DNA   DNA 
   253   DNA   DNA 
   254   DNA   DNA 
   255   DNA   DNA 
   256   DNA   DNA 
   257   DNA   DNA 
   258   DNA   DNA 
   259   DNA   DNA 
   260   DNA   DNA 
   261   DNA   DNA 
   262   DNA   DNA 
   263   DNA   DNA 
   264   DNA   DNA 
   265   DNA   DNA 
   266   DNA   DNA 
   267   DNA   DNA 
   268   DNA   DNA 
   269   DNA   DNA 
   270   DNA   DNA 
   271   DNA   DNA 
   272   DNA   DNA 
   273   DNA   DNA 
   274   DNA   DNA 
   275  20.5   6.0 
   276  21.0   7.0 
   277  21.0   9.0 
   278  21.0  10.5 
   279  20.0  11.0 
   280  22.0   9.0 
   281  22.0   9.0 
   282  21.5   9.5 
   283  20.5  10.0 
   284  20.0   7.5 
   285  20.5   7.5 
   286  19.5   8.0 
   287  19.5   6.5 
   288  19.0   5.0 
   289  20.0   6.0 
   290  20.5   5.0 
   291  20.5   5.0 
   292  19.5   6.0 
   293  17.5   7.0 
   294  18.5   7.5 
   295  17.0   7.5 
   296  18.0   7.5 
   297  16.0   7.5 
   298  16.0   7.0 
   299  15.0   5.0 
   300  14.5   6.5 
   301  17.0   7.0 
   302  19.0   4.5 
   303  21.0   5.0 
   304  17.0   5.0 
   305  17.0   4.0 
   306   DNA   DNA 
   307   DNA   DNA 
   308   DNA   DNA 
   309   DNA   DNA 
   310   DNA   DNA 
   311   DNA   DNA 
   312   DNA   DNA 
   313   DNA   DNA 
   314   DNA   DNA 
   315   DNA   DNA 
   316   DNA   DNA 
   317   DNA   DNA 
   318   DNA   DNA 
   319   DNA   DNA 
   320   DNA   DNA 
   321   DNA   DNA 
   322   DNA   DNA 
   323   DNA   DNA 
   324   DNA   DNA 
   325   DNA   DNA 
   326   DNA   DNA 
   327   DNA   DNA 
   328   DNA   DNA 
   329   DNA   DNA 
   330   DNA   DNA 
   331   DNA   DNA 
   332   DNA   DNA 
   333   DNA   DNA 
   334   DNA   DNA 
   335   DNA   DNA 
   336  12.5   2.0 
   337  15.0   2.0 
   338  15.0   1.0 
   339  15.0   1.0 
   340  10.5   5.0 
   341  10.0   0.5 
   342   9.5   0.5 
   343   9.5   0.1 
   344   9.5  -2.0 
   345   9.5  -1.0 
   346   8.0  -1.0 
   347  10.5  -2.0 
   348  10.5   3.0 
   349  10.5   3.0 
   350  10.0   2.0 
   351  10.5  -0.1 
   352  12.5  -0.5 
   353  14.0   2.5 
   354  15.5   2.5 
   355  14.5   2.5 
   356  19.5   1.0 
   357  20.0  -0.5 
   358  14.0   3.0 
   359  13.5   1.0 
   360  13.5  -0.5 
   361  11.0  -0.5 
   362  10.5   1.0 
   363  10.5  -0.5 
   364  10.5  -0.5 
   365  14.0   1.0 
   366   6.0   2.0 
