Station number: 430
Location:       Phoolbari                                                         Latitude: 28 14 00
River:          Seti River                                                       Longitude: 84 00 00

Year:           1965

                                    Mean daily discharge in m3/s
                                    ============================

Day     Jan.   Feb.   Mar.   Apr.   May    Jun.   Jul.   Aug.   Sep.   Oct.   Nov.   Dec.   Year
 01     16.6   14.3   13.1   14.3   16.2   17.9    114    125    120   35.8   27.4   16.2
 02     16.6   14.3   13.5   14.3   16.2   18.3   97.2    168    123   35.8   24.3   16.2
 03     16.6   14.3   13.9   14.7   16.2   18.3   94.7    167    111   34.6   23.3   15.8
 04     16.2   14.3   14.3   14.3   16.2   21.8    106    136    106   33.9   23.8   15.8
 05     16.2   13.9   13.9   14.7   16.2   22.8    106    171   99.7   38.2   42.0   16.2
 06     15.8   14.3   13.9   14.7   16.2   22.8    129    153    145   35.2   25.8   15.4
 07     15.8   13.9   13.9   14.3   16.2   21.8    158    126   96.0   33.3   23.8   15.4
 08     15.8   13.5   13.9   14.3   15.8   21.8    156    132    107   30.9   22.8   15.8
 09     15.8   13.9   14.3   16.2   15.8   20.9    158    137   97.2   29.7   21.8   15.0
 10     15.8   14.3   13.9   15.8   16.2   21.3    129    181    103   28.6   22.3   15.0
 11     15.4   14.3   13.5   15.4   16.2   22.8    122    164   98.5   29.1   21.8   14.7
 12     15.4   13.9   13.9   15.8   16.2   23.8    105    184    113   28.6   20.4   14.7
 13     15.0   13.5   13.1   15.8   16.2   24.8    110    159   97.2   27.4   19.1   14.7
 14     15.0   13.9   14.3   15.8   15.8   26.9   97.2    198   91.2   26.9   18.3   14.7
 15     15.4   14.3   14.3   16.2   15.8   28.6    114    161   83.3   25.8   19.1   14.7
 16     15.4   13.9   14.3   15.8   17.0    107    127    146   80.1   25.3   19.6   14.7
 17     15.4   13.5   14.7   15.8   17.9   99.7    103    143   73.9   24.8   19.1   15.0
 18     15.8   13.5   14.7   15.8   17.9    127    107    134   58.7   23.8   18.7   14.3
 19     16.2   13.9   14.3   16.2   17.9    106    101    148   55.2   24.3   18.7   14.7
 20     15.8   13.9   14.3   16.2   16.2    106   98.5    151   51.1   24.8   18.3   14.3
 21     15.0   13.9   14.3   15.4   17.9    109    134    178   51.9   24.3   18.7   14.7
 22     15.4   14.3   14.3   15.4   16.2    107    134    154   46.4   23.3   18.3   14.3
 23     16.6   14.3   14.7   15.4   16.2   94.7    132    140   48.8   22.8   18.3   13.9
 24     17.0   14.7   14.3   15.0   16.2   86.7    114    136   44.2   22.8   18.3   14.3
 25     16.6   14.7   14.3   15.0   16.6   96.0    127    133   41.3   22.3   17.9   13.9
 26     16.2   14.3   14.7   15.0   17.9   79.1    125    120   40.6   22.3   17.9   14.3
 27     15.4   14.3   14.3   15.0   18.7   96.0    107    132   37.8   21.8   17.9   14.3
 28     16.2   13.9   14.7   15.4   18.3    110   98.5    150   35.8   21.3   17.4   13.9
 29     15.4          14.3   15.0   17.9   97.2    126    142   37.8   20.9   16.6   13.9
 30     15.8          14.7   16.2   17.9    115    146    132   36.5   20.4   16.6   13.5
 31     15.4          14.3          17.9           127    123          21.3          13.5

Min     15.0   13.5   13.1   14.3   15.8   17.9   94.7    120   35.8   20.4   16.6   13.5   13.1
Mean    15.8   14.1   14.2   15.3   16.8   62.4    119    149   77.7   27.1   20.9   14.8   45.6
Max     17.0   14.7   14.7   16.2   18.7    127    158    198    145   38.2   42.0   16.2    198

