Station number: 430
Location:       Phoolbari                                                         Latitude: 28 14 00
River:          Seti River                                                       Longitude: 84 00 00

Year:           1968

                                    Mean daily discharge in m3/s
                                    ============================

Day     Jan.   Feb.   Mar.   Apr.   May    Jun.   Jul.   Aug.   Sep.   Oct.   Nov.   Dec.   Year
 01     12.1   10.0   9.01   10.0   15.3   24.3    102    128    129   80.3   45.6   24.2
 02     12.1   9.65   9.30   9.65   15.3   24.3    119    143    146    129   43.3   24.2
 03     11.7   9.30   9.30   9.30   18.8   32.4    124    135    150    212   42.6   23.7
 04     11.7   9.01   9.01   10.0   17.8   27.6    206    128    144    555   41.9   23.2
 05     11.7   8.72   9.65   9.65   18.3   25.4    168    124    132    648   41.9   23.7
 06     11.7   8.72   9.65   10.0   16.5   25.9    131    118    134    456   40.6   23.2
 07     11.7   8.43   10.4   10.0   15.3   27.6    125    108    120    376   40.6   22.7
 08     11.4   8.43   15.3   10.4   14.4   31.2    122    119    116    340   39.9   22.2
 09     11.7   8.43   12.1   12.5   15.3   31.2    183    132    112    308   39.9   21.7
 10     11.0   8.14   11.0   11.7   13.6   33.0    166    128    107    223   39.2   22.2
 11     11.4   8.14   10.4   12.1   12.8   31.8    132    120    102    250   38.6   21.7
 12     11.0   8.14   10.4   11.7   13.6   45.5    134    143   95.4    203   37.2   21.2
 13     11.0   7.85   10.7   11.4   12.8   39.7    141    143   90.9    168   35.3   21.7
 14     11.4   8.14   10.4   11.7   13.6   45.5    153    134   92.0    131   35.3   20.7
 15     11.4   7.56   11.0   12.1   12.5   54.3    150    124    111    108   34.0   20.7
 16     11.0   8.43   10.4   11.0   12.5   65.7    138    111    117   95.5   34.0   20.7
 17     10.7   8.43   11.0   10.7   15.7    128    124    114    113   86.2   33.4   20.7
 18     10.7   8.14   12.5   10.4   13.2    102    148    113    108   72.6   33.4   20.2
 19     10.7   8.72   12.8   11.0   15.7    111    148    112    101   63.8   32.8   19.7
 20     10.7   8.72   12.1   10.7   16.1    112    148    128   98.9   60.4   31.6   19.2
 21     10.7   8.43   11.7   12.1   19.7    106    142    151   95.4   55.5   30.9   19.2
 22     10.4   8.43   11.4   11.4   21.1   96.6    138    212   95.4   52.4   29.7   18.3
 23     10.7   9.01   10.7   11.4   19.2   86.6    244    195   90.9   47.8   29.1   19.2
 24     10.7   8.43   11.0   11.7   18.8   83.3    197    183   88.7   41.9   28.6   18.8
 25     10.4   8.43   10.7   12.1   17.8    101    179    145   85.5   32.8   29.1   18.3
 26     10.4   8.14   10.0   11.7   19.2    110    170    113   87.7   27.5   28.6   17.9
 27     9.65   8.72   11.0   12.1   18.3    107    157    122   84.4   24.7   28.0   18.3
 28     9.30   8.72   11.0   12.1   22.1    106    149    120   80.3   31.6   27.5   18.3
 29     9.65   9.30   11.4   12.1   20.2    104    160    116   78.2   47.8   25.8   18.3
 30     10.7          11.0   12.8   23.2    111    137    110   81.3   46.3   25.3   17.9
 31     10.4          10.7          22.7           131    128          44.8          18.3

Min     9.30   7.56   9.01   9.30   12.5   24.3    102    108   78.2   24.7   25.3   17.9   7.56
Mean    11.0   8.58   10.9   11.2   16.8   67.7    151    132    106    162   34.8   20.7   61.0
Max     12.1   10.0   15.3   12.8   23.2    128    244    212    150    648   45.6   24.2    648

