Station number: 430
Location:       Phoolbari                                                         Latitude: 28 14 00
River:          Seti River                                                       Longitude: 84 00 00

Year:           1973

                                    Mean daily discharge in m3/s
                                    ============================

Day     Jan.   Feb.   Mar.   Apr.   May    Jun.   Jul.   Aug.   Sep.   Oct.   Nov.   Dec.   Year
 01     13.6   8.97   7.68   9.29   12.8   27.0    144    330   98.9   87.3   36.9   18.8
 02     13.6   8.97   7.41   9.29   12.8   22.7    135    212    110   89.3   38.9   18.8
 03     13.6   8.97   7.41   8.97   13.2   21.2    124    371   89.3    416   38.2   18.3
 04     12.8   8.65   7.41   9.29   12.5   19.2   77.2    337    105    264   36.2   17.8
 05     12.8   8.65   7.68   8.97   12.1   20.2    204    316   99.7    126   35.5   17.8
 06     12.8   8.97   7.41   8.65   13.2   28.0    134    395    121    113   35.5   16.9
 07     12.1   8.97   7.68   9.29   12.8   33.4   93.4    192    108    107   33.5   16.4
 08     12.1   8.65   7.41   9.29   13.6   35.9   77.2    159   93.4    129   33.5   15.9
 09     12.1   8.32   7.41   9.93   13.2   37.9   80.2    144   85.2    122   32.9   15.9
 10     12.1   8.65   7.14   10.3   14.0   38.6   75.2    149   88.3    116   32.2   14.2
 11     11.7   8.32   7.41   11.3   14.0   41.3   70.8    136    123    110   32.2   14.6
 12     11.3   8.00   7.14   10.6   13.6   45.6   75.2    139    199   98.0   32.2   14.6
 13     10.9   8.32   6.88   12.1   14.4   59.6   78.2    129    171    561   32.2   13.8
 14     10.9   8.00   6.88   12.1   14.0    154   78.2    122    122    200   32.2   13.8
 15     10.9   8.00   7.14   12.5   14.8    115    125    122    124    146   32.2   13.4
 16     11.3   7.68   6.88   12.1   15.2    120    122    116    136   91.1   28.6   13.8
 17     11.3   7.68   9.29   12.5   16.1    110   76.2    102    199   80.7   28.0   13.4
 18     10.9   7.68   9.93   12.5   14.4    118    101    283    128   69.1   26.2   12.5
 19     10.6   7.41   9.93   12.5   16.6    106   89.3    153    129   72.9   25.1   12.5
 20     10.6   7.68   9.29   13.2   12.5    101   97.2    140    123   77.8   26.2   11.7
 21     10.9   7.41   8.65   12.5   12.5   78.2   89.3    129    121   55.0   26.8   11.7
 22     10.6   7.14   8.97   12.8   12.5   73.4   90.3    166    117   54.1   25.1   11.7
 23     9.61   6.88   8.65   13.2   11.7   70.8   87.3    135    113   49.4   24.0   11.7
 24     10.3   7.14   8.32   13.6   12.5   63.8    157    120    106   47.8   22.9   11.0
 25     9.93   6.88   8.65   13.2   14.4   56.3    185    105    109   45.5   22.3   11.0
 26     9.93   6.61   8.97   12.5   24.7    126    108   97.2    122   39.6   21.2   12.1
 27     10.3   7.14   8.32   13.6   41.9    114   83.2   89.3    102   38.9   20.7   12.1
 28     9.29   7.41   8.65   13.2   36.6    119   96.4   90.3   95.5   38.9   21.2   13.0
 29     9.29          8.97   12.8   30.9    200    113   92.4   93.4   38.2   20.7   12.5
 30     9.29          9.29   12.5   32.2    173    130   98.0   88.3   37.6   19.3   12.5
 31     9.29          9.29          29.7           148    103          36.9          13.0

Min     9.29   6.61   6.88   8.65   11.7   19.2   70.8   89.3   85.2   36.9   19.3   11.0   6.61
Mean    11.2   7.97   8.13   11.5   17.3   77.6    108    170    117    115   29.1   14.1   57.2
Max     13.6   8.97   9.93   13.6   41.9    200    204    395    199    561   38.9   18.8    561

