Station number: 430
Location:       Phoolbari                                                         Latitude: 28 14 00
River:          Seti River                                                       Longitude: 84 00 00

Year:           1967

                                    Mean daily discharge in m3/s
                                    ============================

Day     Jan.   Feb.   Mar.   Apr.   May    Jun.   Jul.   Aug.   Sep.   Oct.   Nov.   Dec.   Year
 01     11.8   10.5   10.2   10.8   13.5   13.5   47.2   75.2   73.2   58.6   29.4   23.2
 02     11.5   10.2   9.88   10.8   11.5   14.7   45.6    104   79.3   56.0   28.8   22.1
 03     11.5   10.5   9.61   11.2   11.2   12.5   51.9   80.3   76.2   54.3   23.5   21.6
 04     11.5   10.5   9.61   10.8   11.5   13.9   74.9    112   73.2   51.1   28.2   21.6
 05     10.8   10.5   9.61   10.1   11.2   13.1   55.2    122   73.2   54.3   27.6   21.6
 06     10.5   10.8   9.50   10.5   10.8   18.3   49.5   96.6   75.2   50.2   27.0   21.1
 07     10.5   10.8   9.35   10.5   10.8   12.8   57.8   83.3   92.0   47.0   26.5   21.1
 08     10.5   10.8   9.35   10.5   10.5   14.7    148    110    156   47.0   25.9   21.1
 09     10.2   10.5   9.35   10.2   11.2   16.6    188    118    104   44.8   25.4   20.7
 10     10.2   10.8   9.35   9.35   11.8   20.4    153    128    107   44.1   25.9   20.7
 11     10.2   10.8   9.88   9.88   13.5   20.4    142    106   94.2   47.0   25.9   21.1
 12     9.88   10.8   11.2   9.88   13.1   64.1    128    124   87.7   45.5   25.4   20.7
 13     10.2   10.5   10.5   9.88   12.1   25.8    106    142   83.3   38.0   24.8   20.7
 14     10.2   10.2   10.8   10.5   11.5   32.0   88.7    102    122   39.7   24.8   20.7
 15     10.5   10.5   10.8   10.8   12.1   36.5    116   97.7    104   38.4   24.3   20.7
 16     10.5   10.2   10.8   10.8   14.3   23.8    116   93.1   94.2   38.4   24.3   20.2
 17     10.5   10.8   10.5   12.5   11.5   21.8    151   83.3   87.7   32.0   23.8   20.2
 18     10.5   10.5   10.5   14.3   11.5   21.8    178   85.8   82.3   35.7   23.8   19.7
 19     9.88   10.5   10.2   13.5   11.5   22.3    112   92.0   83.3   35.0   23.2   19.7
 20     9.88   10.5   10.5   12.8   11.2   24.8    112   78.2   78.2   33.7   23.2   19.2
 21     9.88   10.2   9.88   11.5   11.8   21.8    118   73.2   93.1   33.7   23.2   19.2
 22     9.88   10.2   10.2   12.1   12.1   25.3    132   73.2   89.8   33.0   23.2   19.7
 23     9.88   9.88   9.88   12.8   11.8   20.9    102    150    102   32.4   23.2   19.2
 24     10.2   9.61   9.35   11.2   11.5   20.9   47.0    106   78.2   32.4   22.7   19.2
 25     10.2   9.35   9.61   11.2   14.3   23.3   47.0   82.3   74.2   31.8   24.8   18.8
 26     9.88   9.35   10.2   11.2   11.8   47.2   76.2    110   70.0   31.8   23.2   18.8
 27     9.88   10.2   10.8   11.5   11.5   33.3   70.4   97.7   73.2   31.8   23.2   18.8
 28     9.88   10.5   10.5   11.2   11.8   37.1   97.7   88.7   71.3   30.6   23.2   18.3
 29     9.61          10.2   11.5   11.8   37.1   94.2   83.3   76.2   30.6   23.2   18.3
 30     9.61          9.88   13.5   11.8   42.7   78.2   79.3   59.4   30.0   22.7   18.3
 31     10.5          10.2          13.9          71.3   76.2          29.4          18.3

Min     9.61   9.35   9.35   9.35   10.5   12.5   45.6   73.2   59.4   29.4   22.7   18.3   9.35
Mean    10.3   10.4   10.1   11.2   11.9   25.1   98.5   98.5   87.1   39.9   24.8   20.1   37.3
Max     11.8   10.8   11.2   14.3   14.3   64.1    188    150    156   58.6   29.4   23.2    188

