Station number: 430
Location:       Phoolbari                                                         Latitude: 28 14 00
River:          Seti River                                                       Longitude: 84 00 00

Year:           1980

                                    Mean daily discharge in m3/s
                                    ============================

Day     Jan.   Feb.   Mar.   Apr.   May    Jun.   Jul.   Aug.   Sep.   Oct.   Nov.   Dec.   Year
 01     11.3   8.97   9.29   9.93   15.2   29.7    168    162    170   72.6   28.6   17.9
 02     11.3   9.29   9.29   9.61   15.7   24.7    162    163    141   66.4   28.0   17.9
 03     10.9   8.97   8.97   9.29   15.7   17.9    111    223    158   59.6   27.5   17.4
 04     10.9   9.29   9.29   8.65   15.7   17.9    103    162    149   55.5   27.0   17.4
 05     10.9   9.29   15.2   9.29   17.0   18.3   98.0    160    188   66.4   27.0   17.4
 06     10.9   9.29   16.1   9.61   17.0   17.9    144    145    185   54.7   27.0   17.4
 07     10.6   8.97   10.9   10.3   16.1   18.8    119    198    136   50.0   27.0   17.0
 08     10.3   9.29   10.3   10.9   16.6   24.2    116    171    124   48.5   26.4   17.0
 09     10.3   9.29   10.3   10.9   15.2    133    148    161    146   46.3   26.4   16.6
 10     10.3   9.29   8.97   10.3   14.8    141    126    150    135   44.1   26.4   16.6
 11     10.3   9.29   8.97   10.3   14.0    147    130    139    134   41.9   26.4   16.1
 12     9.93   8.97   8.65   10.3   14.0    146    119    154    128   41.3   26.4   16.1
 13     9.61   8.97   8.65   10.6   12.8    135    130    143    152   39.2   26.4   15.2
 14     9.61   9.61   8.65   10.6   12.1   37.9    191    141    122   37.9   26.4   15.7
 15     9.61   9.61   8.65   8.97   12.8   36.6    173    157    115   36.6   26.4   15.7
 16     9.61   8.97   10.6   8.97   14.4   34.7    254    206    128   35.9   25.8   15.7
 17     9.61   8.97   11.7   8.97   15.7   32.2    185    117    135   35.9   25.8   15.2
 18     9.29   8.97   9.29   8.97   14.4   29.7    195    124    132   35.9   25.8   15.2
 19     9.29   8.97   9.29   9.29   16.6   32.8    185    119    113   35.9   25.3   15.2
 20     9.29   8.65   9.93   10.6   17.4   51.6    227    124    109   35.3   24.7   14.8
 21     9.29   8.97   11.3   12.8   17.9   55.5    196    168    115   35.3   24.2   14.8
 22     9.29   8.97   12.8   14.0   19.7   47.8    192    128   92.4   35.3   23.7   14.0
 23     8.97   8.97   13.6   14.0   19.7   50.8    202    118   85.2   35.3   23.2   13.2
 24     8.97   8.97   11.3   13.2   18.3   59.6    153    145   82.2   39.2   22.7   13.2
 25     8.97   8.97   9.93   12.8   18.3   69.9    143    125   78.2   35.3   21.7   12.8
 26     9.61   8.65   9.61   12.1   20.2   69.0    163    117   75.2   34.7   21.2   12.5
 27     9.29   8.97   8.97   12.1   20.7   77.2    164    143   72.6   34.7   20.7   12.5
 28     8.97   8.97   9.29   12.5   21.2   72.6    210    161   69.9   34.0   20.2   12.1
 29     9.29   9.29   9.61   13.2   24.2   73.4    155    121   71.7   32.8   19.2   12.1
 30     9.29          9.93   14.8   29.1   85.2    150    111   75.2   30.9   18.3   11.7
 31     8.97          8.97          34.7           153    141          29.7          11.7

Min     8.97   8.65   8.65   8.65   12.1   17.9   98.0    111   69.9   29.7   18.3   11.7   8.65
Mean    9.83   9.09   10.3   10.9   17.7   59.6    160    148    121   42.5   24.9   15.1   52.4
Max     11.3   9.61   16.1   14.8   34.7    147    254    223    188   72.6   28.6   17.9    254

