Station number: 430
Location:       Phoolbari                                                         Latitude: 28 14 00
River:          Seti River                                                       Longitude: 84 00 00

Year:           1977

                                    Mean daily discharge in m3/s
                                    ============================

Day     Jan.   Feb.   Mar.   Apr.   May    Jun.   Jul.   Aug.   Sep.   Oct.   Nov.   Dec.   Year
 01     13.1   10.1   9.41   11.6   17.4   42.1   54.6    152    128   61.7   37.8   26.6
 02     13.1   9.77   9.05   11.2   16.5   39.6   66.0    127    132   66.0   36.6   25.6
 03     12.3   10.1   9.41   12.3   16.5   46.5   61.7    487    126   70.6   42.1   24.6
 04     12.3   10.1   9.41   12.7   14.8   43.3    128    183    120   72.9   53.9   23.6
 05     11.9   10.1   9.41   13.1   12.7   40.9    115    149    112   74.4   49.8   23.1
 06     11.9   9.77   9.41   13.1   16.1   39.6    109    129    134   70.6   48.5   22.6
 07     11.9   9.41   10.1   12.3   14.8   36.6    101    120    131   66.0   46.5   22.1
 08     11.6   9.41   9.77   10.9   13.1   33.7   89.7    133    130   65.3   45.2   24.1
 09     11.6   9.05   9.41   11.2   11.2   39.6    101    118    120   63.1   43.9   22.1
 10     11.2   9.41   9.05   15.7   24.1   34.9    119    126    115   60.2   42.1   21.6
 11     11.2   9.41   8.69   16.5   18.3   31.4    118    161    136   57.4   39.6   20.6
 12     11.6   9.77   8.69   14.8   16.5   33.7    131    155    154   53.9   38.4   21.1
 13     10.9   10.1   8.69   14.4   14.0   36.0    125    154    160   51.2   39.0   20.2
 14     10.9   10.5   9.41   13.1   20.6   33.1    118    233    127   51.9   37.2   19.7
 15     10.5   10.9   9.41   12.3   29.3   34.3    116    152    104   49.8   34.3   19.7
 16     10.5   10.1   9.77   11.6   31.4   32.6    118    226    102   49.2   33.7   19.3
 17     10.5   9.41   9.41   20.2   34.9   30.9    108    224    105   47.9   33.1   19.3
 18     10.1   10.1   10.1   12.3   24.1   37.2    127    158   99.8   47.2   32.6   18.3
 19     10.1   9.41   9.41   13.1   19.3   33.7    158    116   96.4   45.9   32.0   19.3
 20     10.1   9.41   9.41   21.6   23.1   36.6    134    131   98.1   44.6   31.4   18.8
 21     10.9   9.77   9.77   14.8   32.6   66.8    145    119   90.6   43.9   30.3   17.4
 22     10.1   10.1   10.1   14.4   25.6   53.9    156    114   99.8   43.3   29.3   17.4
 23     10.5   9.41   10.9   15.7   20.6   47.9    199    131   97.3   42.1   28.8   17.9
 24     10.9   10.1   11.2   14.8   19.3   62.4    138    140   91.4   42.1   28.2   23.1
 25     10.5   9.05   10.5   16.5   22.1   58.1    134    168   87.2   41.5   28.2   22.1
 26     10.1   9.41   10.5   15.2   19.3   58.1    127    342   80.7   40.9   29.3   24.6
 27     10.9   10.1   10.5   22.1   32.6   50.5    161    180   72.9   39.6   28.2   23.1
 28     10.5   9.41   10.9   23.1   26.6   52.6    126    160   67.6   40.2   26.6   24.1
 29     10.9          10.9   21.1   28.2   66.8    113    316   63.8   39.6   26.6   22.6
 30     10.9          11.9   17.9   51.2   59.5    213    180   64.5   38.4   25.1   22.1
 31     9.77          14.0          45.2           139    150          39.0          21.1

Min     9.77   9.05   8.69   10.9   11.2   30.9   54.6    114   63.8   38.4   25.1   17.4   8.69
Mean    11.1   9.77   9.95   15.0   23.0   43.8    124    175    108   52.3   35.9   21.5   52.5
Max     13.1   10.9   14.0   23.1   51.2   66.8    213    487    160   74.4   53.9   26.6    487

