Station number: 430
Location:       Phoolbari                                                         Latitude: 28 14 00
River:          Seti River                                                       Longitude: 84 00 00

Year:           1976

                                    Mean daily discharge in m3/s
                                    ============================

Day     Jan.   Feb.   Mar.   Apr.   May    Jun.   Jul.   Aug.   Sep.   Oct.   Nov.   Dec.   Year
 01     11.2   10.9   11.2   8.69   20.2   23.1    120    154    111   56.7   29.8   18.8
 02     11.2   10.9   10.1   9.05   20.6   24.6   99.8    124    180   55.3   28.2   19.7
 03     11.2   10.9   9.77   8.69   20.2   26.6    124    112    149   53.2   24.6   18.3
 04     10.9   11.6   9.77   8.69   21.6   37.8    109    177    152   52.6   28.2   18.3
 05     10.9   12.7   9.05   9.05   17.9   30.3    103    131    126   47.9   28.2   21.1
 06     10.5   12.7   8.69   8.69   15.7   51.2    101    156    124   46.5   25.1   20.6
 07     10.5   11.9   8.69   8.69   16.5   43.9   92.2    144    127   49.2   23.1   19.3
 08     10.5   11.6   8.69   9.05   16.1   43.9   80.7    134    117   51.2   21.6   18.8
 09     10.1   10.9   8.69   9.05   16.1    217   73.6    134    107   49.8   21.1   18.3
 10     10.1   10.9   8.37   8.69   18.8    108    240    148   99.0   49.2   19.7   17.9
 11     10.1   10.9   8.69   9.05   15.2   66.0    120    193   97.3   47.2   22.6   18.8
 12     9.77   10.9   8.69   8.69   18.8    101    108    146   75.2   45.9   21.1   17.9
 13     9.77   11.2   8.37   9.05   19.3   79.9    163    134    103   44.6   21.1   17.9
 14     9.77   10.9   8.69   8.69   20.2   87.2    337    120    105   42.1   19.3   17.4
 15     9.77   11.9   8.37   9.41   21.6   64.5    347    113   96.4   40.9   19.3   17.4
 16     9.77   11.2   9.05   9.05   18.3   68.3    200    120   90.6   47.2   18.3   17.0
 17     10.1   11.2   9.77   8.69   16.1   62.4    270    117   85.6   41.5   19.7   16.5
 18     10.5   10.5   10.1   9.41   20.2   65.3    162    134   79.1   40.9   18.3   16.5
 19     10.9   10.5   9.41   8.69   24.6   43.9    171    145   74.4   39.0   20.2   15.7
 20     11.6   10.5   9.77   8.37   18.8   55.3    138    158   72.9   37.8   19.7   15.7
 21     11.2   10.9   9.41   10.9   19.3   61.7    133    168   66.0   36.6   21.1   15.7
 22     11.2   10.1   10.1   11.9   21.1   58.1    150    164   67.6   36.0   22.1   15.7
 23     10.9   9.77   9.77   14.0   21.6   51.2    128    349   70.6   34.9   21.6   14.8
 24     10.5   9.77   9.05   14.8   19.3   63.1    178    171   66.0   36.6   21.1   14.8
 25     10.1   10.1   9.41   17.9   17.9    139    363    153   72.1   34.9   19.7   14.8
 26     10.1   10.1   9.41   18.8   16.5   66.0    164    140   69.8   33.1   19.3   14.8
 27     9.77   10.1   9.77   18.8   17.0    110    138    135   78.3   30.9   18.8   15.2
 28     10.9   10.1   9.77   26.6   20.2    146    132    124   63.8   33.7   22.6   14.0
 29     10.5   10.9   8.69   18.8   21.6    117    123    120   63.2   29.3   20.2   14.0
 30     10.5          9.05   19.7   20.2    192    124    109   62.4   27.2   19.7   14.0
 31     10.9          8.69          21.6           134    106          33.7          13.6

Min     9.77   9.77   8.37   8.37   15.2   23.1   73.6    106   62.4   27.2   18.3   13.6   8.37
Mean    10.5   10.9   9.26   11.7   19.1   76.8    159    146   95.0   42.1   21.8   16.9   51.6
Max     11.6   12.7   11.2   26.6   24.6    217    363    349    180   56.7   29.8   21.1    363

