Station number: 430
Location:       Phoolbari                                                         Latitude: 28 14 00
River:          Seti River                                                       Longitude: 84 00 00

Year:           1975

                                    Mean daily discharge in m3/s
                                    ============================

Day     Jan.   Feb.   Mar.   Apr.   May    Jun.   Jul.   Aug.   Sep.   Oct.   Nov.   Dec.   Year
 01     16.1   17.0   14.8   12.7   12.7   14.8    338    152    124   76.0   36.6   17.4
 02     15.2   15.7   15.2   12.3   11.2   12.3    236    151    122   79.9   31.4   17.4
 03     16.5   16.1   15.2   12.3   10.9   11.2    122    344    149   76.8   32.0   17.0
 04     16.1   15.2   15.7   11.9   11.9   12.7    122    280    125   80.7   30.9   16.5
 05     16.1   15.2   15.2   11.6   11.6   12.7    120    164    133   79.9   29.3   16.5
 06     17.0   15.2   15.2   11.2   10.5   14.4    125    145    132   79.1   28.8   16.1
 07     15.2   14.8   15.7   11.2   11.6   13.6    122    140    150   77.5   28.2   16.1
 08     14.8   15.7   15.2   11.6   11.6   14.0    116    130    122   78.3   28.8   16.1
 09     15.7   14.8   15.7   10.9   10.5   16.1    107    122    122   76.8   27.2   16.1
 10     15.2   14.8   15.2   10.5   10.1   16.1    109    122    136   79.1   27.2   15.2
 11     15.2   15.2   15.2   10.5   10.5   14.4    103    117    131   76.8   26.6   15.2
 12     15.7   15.7   14.8   10.5   10.9   14.0    129    113    136   62.4   26.1   15.2
 13     15.2   15.2   14.8   11.2   11.2   13.6    135    110    130   56.7   24.6   14.8
 14     15.7   15.2   15.2   11.2   11.2   14.0    136   99.0    122   52.6   24.6   14.8
 15     15.7   15.7   14.8   10.5   11.6   15.2    124   92.2    121   49.2   24.6   14.8
 16     15.7   15.7   14.0   10.5   11.9   16.1    122   88.0    121   47.9   24.3   14.8
 17     16.5   15.2   14.0   10.5   11.6   17.4    146   85.6    122   47.9   23.6   14.4
 18     16.5   15.2   14.0   9.77   10.5   19.7    170   82.3    122   49.2   23.1   14.4
 19     15.7   15.2   14.0   9.77   10.9   20.2    154   78.3    197   46.5   22.6   14.0
 20     16.1   14.8   13.6   9.41   10.9   23.6    210   80.7    151   45.9   21.6   13.6
 21     17.0   15.2   13.6   9.05   11.2   25.1    150   91.4    137   44.6   21.6   13.6
 22     15.7   14.4   14.0   9.05   10.9   32.6    140   99.8    128   43.9   21.1   13.1
 23     16.1   14.8   13.1   8.69   10.5   34.9    169    105    119   43.3   20.2   13.1
 24     14.8   14.8   13.1   10.1   11.6   37.2    227   91.4    101   43.3   19.7   12.7
 25     15.7   14.8   13.1   10.9   10.5   42.7    253   88.9   85.6   43.3   19.3   12.7
 26     15.2   15.2   13.1   10.5   11.9   45.2    288    122   78.3   42.7   19.3   12.3
 27     15.2   15.2   13.1   11.6   12.3   48.5    221    168   81.5   41.5   18.8   12.3
 28     15.2   15.2   13.6   10.9   11.2    233    237    133   80.7   40.9   18.8   11.9
 29     15.2          13.6   10.5   12.7    136    246    191   79.9   39.6   18.3   11.6
 30     15.7          13.6   12.3   12.3    135    218    135   76.8   38.4   17.9   11.6
 31     15.7          12.7          12.7           152    122          37.2          11.2

Min     14.8   14.4   12.7   8.69   10.1   11.2    103   78.3   76.8   37.2   17.9   11.2   8.69
Mean    15.7   15.3   14.3   10.8   11.3   35.9    169    130    121   57.4   24.6   14.4   51.7
Max     17.0   17.0   15.7   12.7   12.7    233    338    344    197   80.7   36.6   17.4    344

