Station number: 430
Location:       Phoolbari                                                         Latitude: 28 14 00
River:          Seti River                                                       Longitude: 84 00 00

Year:           1981

                                    Mean daily discharge in m3/s
                                    ============================

Day     Jan.   Feb.   Mar.   Apr.   May    Jun.   Jul.   Aug.   Sep.   Oct.   Nov.   Dec.   Year
 01     12.1   8.97   8.32   11.7   19.7   24.7    117    186    145   68.2   23.4   13.4
 02     11.7   8.97   8.00   10.6   19.7   30.9    127    186    141   64.5   22.3   13.4
 03     12.1   8.97   7.68   11.7   20.2   27.5    124    191    156   60.1   22.3   13.4
 04     12.1   8.97   8.32   12.5   20.7   25.3    135    178    139   56.7   24.6   13.4
 05     11.7   8.97   8.32   10.9   22.2   25.3    133    165    128   52.5   21.2   13.4
 06     12.1   8.97   8.65   12.5   21.7   25.3    128    159    128   50.1   19.7   13.4
 07     12.1   8.65   9.93   10.6   17.4   25.3    118    142    129   47.8   19.7   13.4
 08     11.3   8.32   8.32   10.6   23.2   25.3    183    139    148   47.0   21.8   13.4
 09     11.3   8.00   8.32   10.6   19.7   25.3    120    124    150   44.7   18.8   13.4
 10     10.9   8.32   8.00   12.1   19.7   25.8    145    120    154   42.5   17.8   13.0
 11     10.6   8.00   8.00   14.8   21.2   24.7    118    121    128   40.4   16.4   13.0
 12     10.3   8.32   7.68   17.4   19.2   25.3    262    124    119   39.6   15.9   13.0
 13     10.3   8.97   7.41   13.6   18.3   26.4    164    155    116   38.2   15.9   13.0
 14     10.3   8.97   7.14   13.2   19.7   26.4    143    135    119   36.9   15.1   13.0
 15     10.3   8.32   7.68   19.7   22.7   29.7    133    129    111   36.2   14.6   13.0
 16     10.3   8.32   12.5   20.7   29.7   29.7    185    121    101   36.2   14.2   13.0
 17     10.3   8.65   10.9   25.3   23.2   30.3    160    121    103   36.2   14.2   13.0
 18     9.93   8.65   9.93   24.2   21.2   37.2    184    125    112   36.2   14.2   13.0
 19     9.61   8.97   10.6   18.3   24.7   29.7    156    177    105   36.2   14.2   13.0
 20     9.61   8.97   10.9   18.8   24.2   37.9    162    180    102   36.2   14.2   13.0
 21     9.61   8.97   20.7   19.7   27.0   50.0    148    145   85.9   36.2   13.8   12.5
 22     10.3   8.32   13.2   24.2   24.7   42.6    146    162   78.8   36.2   13.8   12.5
 23     9.93   8.65   10.3   26.4   19.7   41.9    141    160   77.8   36.2   13.8   12.5
 24     10.9   8.97   8.97   22.2   19.2   54.0    156    142   71.9   36.2   13.8   12.5
 25     10.9   8.65   8.32   18.8   17.9   50.0    136    176   68.2   36.2   13.8   12.5
 26     9.93   8.00   8.32   18.3   17.9   76.2    193    170   65.5   35.5   13.8   12.5
 27     9.61   8.00   8.97   16.1   18.3   83.2    280    146   67.3   35.5   13.8   12.5
 28     9.61   8.65   8.32   16.1   23.2   92.4    206    132   71.9   34.2   13.8   12.5
 29     9.61          10.3   19.7   22.2    151    186    132    134   32.9   13.8   12.5
 30     9.93          11.3   21.7   21.7    142    163    121   75.8   29.8   13.8   12.5
 31     9.29          10.6          35.3           204    124          25.6          12.5

Min     9.29   8.00   7.14   10.6   17.4   24.7    117    120   65.5   25.6   13.8   12.5   7.14
Mean    10.6   8.62   9.55   16.8   21.8   44.7    160    148    111   41.3   16.6   12.9   50.2
Max     12.1   8.97   20.7   26.4   35.3    151    280    191    156   68.2   24.6   13.4    280

