Station number: 430
Location:       Phoolbari                                                         Latitude: 28 14 00
River:          Seti River                                                       Longitude: 84 00 00

Year:           1971

                                    Mean daily discharge in m3/s
                                    ============================

Day     Jan.   Feb.   Mar.   Apr.   May    Jun.   Jul.   Aug.   Sep.   Oct.   Nov.   Dec.   Year
 01     13.0   9.59   7.90   8.89   16.4   25.1    164    113    120    108   46.2   26.2
 02     13.0   9.94   8.19   9.94   15.9   28.0    176    115    123   99.7   42.5   25.1
 03     13.0   9.59   8.54   9.94   16.4   30.4    172    110    109   74.8   43.3   24.0
 04     12.5   9.94   9.24   9.59   15.9   37.6    136    114    118   75.8   39.6   24.0
 05     12.5   9.24   9.59   9.59   16.4   38.2    135    124    119   77.8   37.6   24.0
 06     12.5   9.24   9.59   10.6   16.4   35.5    165    223    103   80.7   38.2   23.4
 07     12.1   9.24   8.89   11.0   15.9   42.5    144    176   98.6   81.7   36.2   23.4
 08     12.1   8.89   8.54   11.0   15.9   52.5    127    188    113   83.8   36.2   22.9
 09     11.7   8.89   8.54   11.0   15.1   59.3    120    180    126   94.3   35.5   22.3
 10     11.7   8.89   8.19   11.0   15.9   71.0    120    144    130   77.8   34.2   22.3
 11     11.7   8.89   8.54   10.6   16.0   83.8    200    124   98.6   77.8   32.2   21.8
 12     11.3   8.54   8.54   11.7   16.9   97.5    129    125    121   69.1   32.2   21.8
 13     11.3   8.54   8.19   11.3   17.3    112    118    122    101   76.8   32.2   19.3
 14     11.3   8.54   8.19   12.1   21.8    117   92.1    143   87.9   68.2   31.6   17.8
 15     11.3   8.89   8.89   12.5   24.0    107    114    127   73.9   65.5   29.8   17.3
 16     11.3   8.54   8.89   13.8   21.2    103    122    149   64.5   78.8   29.2   16.9
 17     11.0   8.54   8.89   13.8   20.2   90.0    124    126   76.8   71.0   28.0   16.9
 18     10.6   8.19   8.54   14.2   20.7   74.8    125    131   71.0   90.0   31.0   16.4
 19     11.0   8.19   9.24   22.9   18.8   86.9    113    164   66.4   69.1   31.0   16.4
 20     10.6   7.90   8.89   28.0   18.3   90.0    134    150   61.8   76.8   29.8   16.4
 21     10.6   7.90   8.89   17.3   18.3    108    122    129   57.5   78.8   29.8   16.4
 22     10.3   7.90   8.54   16.9   19.3    114    126    144   70.1   72.9   29.8   15.9
 23     10.3   8.19   8.54   15.9   20.7    106    122    146   94.3   66.4   29.8   15.9
 24     9.94   7.90   8.54   16.4   20.7    110    126    134    120   59.3   29.2   15.5
 25     9.94   7.61   8.19   15.5   22.3    118    122    154    154   55.0   28.0   15.1
 26     9.94   7.61   8.19   15.5   20.7    119    117    142    160   55.8   27.4   15.1
 27     9.59   7.90   8.54   15.1   19.7    123    102    122    118   50.9   26.2   15.1
 28     9.59   8.19   8.54   14.6   20.2    199    117    114   98.6   48.6   26.2   14.6
 29     9.59          8.89   14.6   20.2    171    117    107    121   48.6   26.2   14.2
 30     9.24          8.89   15.9   16.4    160    115    124    120   47.8   26.2   14.2
 31     9.59          9.24          22.3           122    126          49.4          14.2

Min     9.24   7.61   7.90   8.89   15.1   25.1   92.1    107   57.5   47.8   26.2   14.2   7.61
Mean    11.1   8.62   8.68   13.7   18.6   90.3    130    138    103   72.0   32.5   18.9   53.9
Max     13.0   9.94   9.59   28.0   24.0    199    200    223    160    108   46.2   26.2    223

