Station number: 430
Location:       Phoolbari                                                         Latitude: 28 14 00
River:          Seti River                                                       Longitude: 84 00 00

Year:           1966

                                    Mean daily discharge in m3/s
                                    ============================

Day     Jan.   Feb.   Mar.   Apr.   May    Jun.   Jul.   Aug.   Sep.   Oct.   Nov.   Dec.   Year
 01     13.1   10.8   10.8   9.88   10.2   13.1   51.1    170    134   36.5   19.6   14.3
 02     12.8   10.8   10.5   9.88   10.8   14.3   66.0    186   92.4   38.4   20.0   13.9
 03     13.1   10.8   10.8   10.2   11.5   12.8   51.9   93.5   96.0   35.8   20.0   13.9
 04     12.8   10.8   10.8   9.88   10.5   15.0   69.9    106   77.0   37.1   19.6   13.9
 05     12.5   10.8   10.8   9.88   10.8   13.9   60.5    161   54.4   40.6   19.1   13.9
 06     12.5   10.8   10.5   9.88   10.2   14.7   50.3    129   48.0   36.5   19.1   13.1
 07     12.5   10.8   10.8   10.2   10.8   14.7   87.9   85.6   48.8   35.2   19.6   13.1
 08     12.1   11.2   10.5   9.61   9.88   13.5   85.6   71.8   82.2   33.9   19.1   13.1
 09     12.5   11.2   10.8   10.2   10.8   19.1   99.7   85.6   97.2   31.4   18.7   12.8
 10     12.8   10.8   10.5   9.88   10.2   17.0    156    118   53.5   32.0   18.7   12.8
 11     12.1   10.8   10.5   9.61   11.2   20.0    175   96.0   82.2   30.3   18.7   12.5
 12     12.1   11.2   10.5   9.08   10.2   18.3    219   80.1   84.5   29.1   18.7   12.5
 13     12.1   11.5   10.8   9.88   10.2   26.9    153   96.0   76.0   28.0   18.3   12.1
 14     11.5   11.2   10.5   9.61   9.88   19.6    170   85.6   83.3   28.0   18.0   12.1
 15     12.1   11.2   10.5   9.35   9.61   20.9    126   65.1   69.9   27.4   17.4   12.1
 16     11.8   11.2   10.2   9.08   9.88   17.9    119   57.0   97.2   26.9   17.5   11.8
 17     11.8   11.2   10.2   9.35   10.5   15.0   84.5   93.5   68.0   27.4   17.5   11.8
 18     12.1   11.2   10.2   9.88   10.5   17.9   68.0   85.6   67.0   28.0   17.5   12.1
 19     11.8   10.8   10.2   9.35   10.8   22.8   51.9   71.8   60.5   25.8   17.0   12.1
 20     11.8   10.8   10.5   9.35   10.5   44.2   42.0   92.4   59.6   26.8   17.0   11.8
 21     11.5   10.8   10.5   9.61   10.8   23.3   53.5   81.2   57.8   25.6   17.0   11.8
 22     11.8   10.8   9.88   9.88   11.2   28.0   39.8    125   54.4   23.8   16.6   11.8
 23     11.8   11.2   10.2   9.88   10.8   54.4   50.3    142   51.1   25.0   16.6   11.8
 24     11.5   10.8   10.2   10.5   12.1   39.8   68.0    130   42.7   24.3   16.6   11.8
 25     11.5   11.2   10.5   9.88   11.5   53.5    134    110   45.6   23.8   16.6   11.8
 26     11.5   10.8   10.5   10.5   12.5   72.8    114   96.0   42.0   22.3   16.2   11.8
 27     11.5   10.8   10.5   9.88   12.1   52.7   82.2   86.7   42.0   21.3   15.8   11.5
 28     11.2   11.2   10.5   10.2   12.5   39.8    137   97.2   40.6   21.3   15.0   11.8
 29     11.2          10.5   10.5   12.5   49.5   87.9    113   39.1   20.9   16.6   11.8
 30     11.5          10.5   9.88   12.5   33.3   53.5    145   37.8   20.0   14.7   11.8
 31     11.2          10.2          12.5          57.8    119          20.0          11.8

Min     11.2   10.8   9.88   9.08   9.61   12.8   39.8   57.0   37.8   20.0   14.7   11.5   9.08
Mean    12.0   11.0   10.5   9.82   11.0   27.3   92.4    106   66.2   28.5   17.8   12.4   33.7
Max     13.1   11.5   10.8   10.5   12.5   72.8    219    186    134   40.6   20.0   14.3    219

