Station number: 430
Location:       Phoolbari                                                         Latitude: 28 14 00
River:          Seti River                                                       Longitude: 84 00 00

Year:           1972

                                    Mean daily discharge in m3/s
                                    ============================

Day     Jan.   Feb.   Mar.   Apr.   May    Jun.   Jul.   Aug.   Sep.   Oct.   Nov.   Dec.   Year
 01     14.2   9.59   8.54   9.94   13.0   34.2   65.5    132    122   77.2   30.3   16.1
 02     14.2   9.59   8.54   10.3   12.1   34.2   60.1    212    128   76.2   29.7   14.8
 03     13.8   9.59   8.89   10.3   12.1   29.2    144    251    147   74.3   29.7   14.8
 04     13.8   9.59   8.89   9.94   12.5   26.8    176    190    181   70.8   29.7   15.7
 05     13.8   9.59   8.89   9.94   11.7   27.4    134    190    149   66.4   29.7   15.7
 06     13.8   10.3   8.89   9.59   11.3   27.4    128    165    140   65.5   28.0   14.8
 07     13.8   9.94   8.89   9.94   10.6   24.0    122    172    130   66.4   27.0   16.1
 08     13.4   9.59   8.54   9.24   9.94   21.8    122    166    122   62.1   25.8   15.2
 09     13.4   9.94   8.19   8.54   9.94   20.7    131    151    133   62.1   24.2   15.2
 10     13.0   9.94   8.19   8.54   9.94   20.7    130    399    132   56.3   24.2   14.8
 11     13.0   9.59   8.19   8.54   15.9   19.7    123    432    122   47.8   23.7   14.8
 12     13.0   9.59   8.19   8.89   15.1   18.3    122    154    118   45.6   23.2   14.8
 13     13.0   9.59   7.90   8.89   16.4   19.3    117    147    122   44.1   22.7   15.2
 14     12.5   10.3   7.90   8.89   15.9   32.2    112    142    141   43.3   21.7   14.8
 15     12.5   9.94   7.90   8.54   19.3   29.2    105    122    122   42.6   24.2   14.8
 16     13.0   9.59   7.90   8.89   17.3   29.8    169    122    122   41.9   24.2   14.8
 17     12.5   9.59   7.90   8.89   15.9   43.3    290    122   99.7   41.9   23.7   14.8
 18     11.7   9.59   7.90   8.54   18.8   45.5    275    224   94.5   42.6   22.7   14.8
 19     11.7   9.24   7.90   8.54   17.3   98.6    170    105   90.3   41.9   21.7   14.8
 20     11.3   9.24   10.3   8.89   22.3    138    148    105   86.2   40.6   21.2   14.8
 21     11.3   9.24   10.3   8.54   20.7    121    122   89.3   85.2   39.9   20.2   14.8
 22     11.0   9.24   9.94   8.54   24.0   74.8    147   95.5   88.3   39.2   19.2   14.8
 23     10.6   9.24   9.59   8.54   78.8   97.5    122   94.5   89.3   38.6   18.8   14.4
 24     10.3   8.89   10.3   8.54   64.5   80.7    118   85.2   98.0   38.6   18.3   14.4
 25     10.3   8.89   10.3   8.89   49.4   72.9    134    122   73.4   35.9   17.9   14.4
 26     9.94   8.89   9.94   8.89   67.3   73.9    122    134   69.9   35.9   17.9   14.0
 27     9.94   8.54   9.94   12.5   44.7   66.4    165    139   71.7   35.3   17.0   14.4
 28     9.94   8.54   9.94   13.0   42.5   61.0    181    152   96.4   34.0   16.6   13.6
 29     10.3   8.54   9.94   13.0   38.2   59.3    274    134   84.2   36.6   17.0   13.6
 30     9.94          10.3   12.5   35.5    105    296    122   80.2   32.8   15.7   13.6
 31     9.94          9.59          34.9           150    122          30.9          13.6

Min     9.94   8.54   7.90   8.54   9.94   18.3   60.1   85.2   69.9   30.9   15.7   13.6   7.90
Mean    12.1   9.45   8.98   9.56   25.4   51.8    151    161    111   48.6   22.9   14.7   52.2
Max     14.2   10.3   10.3   13.0   78.8    138    296    432    181   77.2   30.3   16.1    432

