Station number: 430
Location:       Phoolbari                                                         Latitude: 28 14 00
River:          Seti River                                                       Longitude: 84 00 00

Year:           1984

                                    Mean daily discharge in m3/s
                                    ============================

Day     Jan.   Feb.   Mar.   Apr.   May    Jun.   Jul.   Aug.   Sep.   Oct.   Nov.   Dec.   Year
 01     16.1   13.2   10.9   14.8   14.8   27.5    124    158    127   47.0   28.0   19.2
 02     16.1   13.2   11.7   14.0   14.8   28.6    138    142    118   46.3   28.6   18.8
 03     16.1   13.2   11.7   13.2   14.8   30.3    131    132    101   42.6   28.0   18.8
 04     16.1   13.2   12.5   12.5   15.2   30.3    142    165    129   42.6   27.5   18.3
 05     15.7   12.8   12.1   11.7   15.7   32.8    158    104    112   42.6   27.0   18.3
 06     15.7   12.8   11.7   11.3   20.2   32.8    162    104    104   41.9   26.4   18.3
 07     14.8   12.8   12.1   10.9   25.8   35.9    165   95.5    162   41.9   25.8   17.9
 08     14.8   12.5   11.7   10.9   16.6   41.3    173    110    132   40.6   25.3   17.4
 09     14.8   12.5   11.7   10.9   37.2   36.6    175   99.7    132   39.9   23.7   17.4
 10     14.8   12.5   11.7   10.9   18.8   50.0    146    103    131   37.9   23.2   17.0
 11     14.8   12.1   12.1   10.9   17.4   50.0    180    104    130   37.2   23.2   17.9
 12     14.8   12.1   12.1   10.9   18.3   66.4    175   99.7    118   36.6   23.2   17.4
 13     14.8   12.1   11.7   10.9   19.2   48.5    175    110    113   35.9   22.7   17.0
 14     14.8   12.1   11.7   11.3   21.2   40.6    173    103    113   35.9   22.7   16.6
 15     14.8   12.1   11.7   12.8   21.2   39.2    168    110    108   35.9   18.8   16.1
 16     14.8   12.1   11.7   12.1   23.2   39.2    144   97.2    103   35.9   17.4   16.1
 17     15.2   12.1   12.1   13.2   27.0   57.9    134    116   99.7   32.2   17.4   15.7
 18     14.8   12.1   12.1   13.6   23.7   86.2    141    106   98.9   34.7   17.4   15.7
 19     14.4   12.1   11.7   14.0   22.2   50.8    129    116    104   33.4   17.4   15.2
 20     14.4   12.1   11.3   15.2   22.7    113    119    112    113   31.6   16.6   15.2
 21     14.4   12.1   10.9   13.6   24.2   81.2    132    108    115   29.7   16.1   14.8
 22     14.0   11.7   11.7   12.5   27.0   72.6    142    107    108   29.1   15.7   14.8
 23     14.0   11.3   12.1   13.6   25.8   70.8    147    113   94.5   29.1   15.2   14.4
 24     14.0   11.3   12.1   12.8   22.7   69.0    147    126   86.2   29.1   14.8   14.4
 25     14.0   11.3   12.1   12.8   23.7   70.8    142    121   85.2   28.6   19.2   14.0
 26     14.0   11.3   13.2   13.2   30.3   66.4    158    129   79.2   28.6   19.2   14.0
 27     13.6   11.3   12.1   15.2   27.0   50.0    165    140   69.0   28.0   18.3   13.6
 28     13.6   11.3   11.7   13.6   28.6   50.0    178    131   60.4   27.5   19.2   13.6
 29     13.6   11.3   12.8   16.6   31.6   57.9    177    132   54.0   28.0   19.2   13.2
 30     13.6          13.2   17.9   32.2   82.2    176    131   49.3   28.0   19.2   13.2
 31     13.2          14.0          29.7           177    126          26.4          12.8

Min     13.2   11.3   10.9   10.9   14.8   27.5    119   95.5   49.3   26.4   14.8   12.8   10.9
Mean    14.7   12.2   12.0   12.9   23.0   53.6    155    118    105   35.0   21.2   16.0   48.2
Max     16.1   13.2   14.0   17.9   37.2    113    180    165    162   47.0   28.6   19.2    180

