Station number: 430
Location:       Phoolbari                                                         Latitude: 28 14 00
River:          Seti River                                                       Longitude: 84 00 00

Year:           1979

                                    Mean daily discharge in m3/s
                                    ============================

Day     Jan.   Feb.   Mar.   Apr.   May    Jun.   Jul.   Aug.   Sep.   Oct.   Nov.   Dec.   Year
 01     15.2   11.7   10.3   14.0   19.7   14.8   63.0    156    123   39.2   28.6   19.2
 02     14.8   11.3   10.3   13.6   19.7   14.0   84.2    129    117   46.3   28.6   17.4
 03     14.8   10.9   10.9   10.9   19.7   14.8    133    153    119   42.6   27.5   17.4
 04     14.8   10.9   10.9   10.9   19.7   14.0   95.5    123    127   37.9   27.0   17.0
 05     14.8   10.9   10.9   10.9   18.8   14.8   61.3    122    120   41.3   26.4   17.4
 06     14.4   10.9   10.3   10.9   15.2   14.0   52.4    118   98.0   39.9   25.3   17.0
 07     14.4   10.9   10.3   12.8   19.2   14.8   51.6    112   97.2   38.6   25.3   17.0
 08     14.4   12.1   10.3   12.8   14.8   14.4   51.6    181   97.2   37.9   24.7   16.6
 09     14.0   12.1   10.3   13.2   17.0   19.7   54.0    122    107   42.6   24.2   16.6
 10     14.0   12.5   9.93   13.2   17.0   14.4   63.0    123    105   52.4   23.2   16.1
 11     14.0   12.5   9.93   14.4   17.4   14.0   69.0    124   98.0   63.0   23.2   16.6
 12     14.0   11.7   10.6   15.2   17.9   28.6   65.5    127   87.3   69.9   22.7   16.6
 13     14.0   11.7   10.3   13.2   17.9   20.2   98.0    124   77.2   54.0   22.7   15.2
 14     14.0   11.7   10.3   13.2   17.9   28.0   73.4    112   75.2   47.0   21.7   15.7
 15     14.0   11.7   10.3   13.6   22.2   28.0    108    109   68.2   42.6   21.7   15.7
 16     13.6   10.9   10.3   15.7   30.3   20.7   99.7    111   70.8   39.2   20.7   14.8
 17     13.6   10.9   10.3   15.2   19.7   19.7   78.2    113   67.3   38.6   20.7   14.8
 18     12.5   10.9   10.3   13.6   19.2   20.2   90.3    118   52.4   38.6   20.7   14.4
 19     12.5   11.3   10.3   12.8   17.0   28.6   98.0    127   50.0   37.2   20.7   14.0
 20     12.5   11.7   10.3   13.6   18.8   29.1    101    159   49.3   36.6   20.2   14.0
 21     12.5   11.3   10.3   14.8   23.2   29.7    145    170   48.5   35.3   20.2   13.6
 22     12.5   10.9   10.6   14.4   24.2   29.7    116    155   58.7   34.7   20.2   13.6
 23     12.1   10.9   10.6   12.5   16.6   36.6    128    142   57.9   34.7   19.7   13.2
 24     12.1   10.9   10.3   12.5   15.7   35.9    172    132   41.3   33.4   19.7   12.8
 25     12.1   10.9   10.3   13.2   15.7   35.3    135    132   42.6   32.8   19.7   12.5
 26     12.1   14.4   9.93   13.6   16.6   98.0    118    157   40.6   32.8   19.7   12.5
 27     12.1   14.4   10.6   14.0   15.7   52.4    125    169   42.6   32.8   19.7   12.5
 28     12.1   10.3   10.6   17.0   15.2   75.2    182    130   42.6   32.2   17.4   12.5
 29     12.5          10.9   22.7   15.2   70.8    191    133   38.6   32.2   17.4   11.7
 30     12.1          14.0   14.8   14.4   87.3    147    144   36.6   29.7   25.3   12.5
 31     11.7          14.0          13.6           168    127          29.1          12.1

Min     11.7   10.3   9.93   10.9   13.6   14.0   51.6    109   36.6   29.1   17.4   11.7   9.93
Mean    13.4   11.5   10.6   13.8   18.2   31.3    104    134   75.2   40.2   22.5   14.9   40.8
Max     15.2   14.4   14.0   22.7   30.3   98.0    191    181    127   69.9   28.6   19.2    191

