Station number: 430
Location:       Phoolbari                                                         Latitude: 28 14 00
River:          Seti River                                                       Longitude: 84 00 00

Year:           1970

                                    Mean daily discharge in m3/s
                                    ============================

Day     Jan.   Feb.   Mar.   Apr.   May    Jun.   Jul.   Aug.   Sep.   Oct.   Nov.   Dec.   Year
 01     15.5   13.4   12.1   11.3   14.2   14.2   63.6    223    112   97.5   34.2   19.3
 02     15.5   13.0   12.1   11.3   13.4   21.8   73.9    172    109   89.0   32.9   19.3
 03     15.5   13.0   11.7   11.7   14.6   21.8   65.5    195    117   80.7   32.9   19.3
 04     15.1   13.4   11.7   11.7   15.1   13.4   61.0    153    112   74.8   32.2   18.8
 05     15.5   13.0   11.7   11.7   14.6   20.2   55.0    156    105   70.1   32.2   18.3
 06     15.5   12.5   11.3   11.3   17.8   16.9   57.5    262   97.5   64.5   31.6   17.3
 07     15.5   12.5   11.7   11.3   15.9   16.4   56.7    515   90.0   61.8   31.6   16.9
 08     15.1   12.1   11.3   11.3   15.1   16.4   59.3    354   90.0   59.3   31.0   16.9
 09     15.1   12.5   11.3   11.0   13.4   17.3    117    224   92.1   57.5   30.4   16.9
 10     15.1   12.1   11.3   11.3   15.1   15.1   81.7    221   92.1   56.7   30.4   16.4
 11     14.6   11.7   11.3   11.0   15.5   16.9   82.7    199   87.9   56.7   30.4   15.9
 12     14.6   11.7   11.7   11.3   13.8   15.9   91.1    192   87.9   55.0   29.8   15.9
 13     14.2   11.7   11.7   12.1   13.4   15.5    109    174   89.0   53.3   30.4   15.5
 14     14.2   11.7   11.7   11.7   15.5   16.4    104    153   83.8   55.8   29.8   15.9
 15     14.6   11.7   11.7   12.1   19.3   43.3    142    139   78.8   49.4   29.8   15.9
 16     14.6   11.7   11.3   17.3   21.8   36.9    230    275   79.7   47.0   28.0   15.9
 17     15.1   11.7   11.3   18.3   19.7    230    285    190   79.7   44.0   27.4   15.9
 18     14.6   11.3   11.0   12.5   18.3    105    275    166   75.8   41.1   25.6   15.5
 19     14.6   12.1   11.3   11.0   18.3   47.0    318    141    113   41.1   24.0   15.1
 20     14.6   11.7   11.0   11.0   18.3   38.2    274    132    110   40.4   23.4   15.1
 21     14.2   11.7   11.3   10.6   18.8   38.9    238    122    104   40.4   22.9   15.1
 22     14.2   12.5   11.0   14.6   18.8   66.4    188    117   97.5   38.9   22.3   14.6
 23     13.8   13.4   11.7   14.6   17.8   58.4    184    115    136   38.9   22.9   14.6
 24     13.8   12.5   11.7   15.9   17.8   50.9    214    125    106   39.6   21.8   14.2
 25     13.8   13.4   11.7   14.6   17.8   41.8    181    233    113   38.2   20.7   14.2
 26     14.2   12.5   11.7   19.3   18.3   47.0    212    149    120   38.2   20.7   13.8
 27     13.8   12.1   11.7   20.7   20.2   55.8    172    156    107   36.9   20.2   13.4
 28     14.2   12.5   11.7   19.3   19.7   78.8    216    147    102   36.9   20.2   13.4
 29     13.8          11.7   17.3   14.6   57.5    248    145   99.7   35.5   19.7   13.4
 30     13.4          11.3   15.5   13.8   61.8    403    137    101   35.5   20.2   13.0
 31     13.8          11.3          14.2           489    117          34.9          13.0

Min     13.4   11.3   11.0   10.6   13.4   13.4   55.0    115   75.8   34.9   19.7   13.0   10.6
Mean    14.6   12.3   11.5   13.5   16.6   43.2    172    187   99.6   51.9   27.0   15.8   55.5
Max     15.5   13.4   12.1   20.7   21.8    230    489    515    136   97.5   34.2   19.3    515

