Station number: 430
Location:       Phoolbari                                                         Latitude: 28 14 00
River:          Seti River                                                       Longitude: 84 00 00

Year:           1969

                                    Mean daily discharge in m3/s
                                    ============================

Day     Jan.   Feb.   Mar.   Apr.   May    Jun.   Jul.   Aug.   Sep.   Oct.   Nov.   Dec.   Year
 01     17.9   14.0   12.1   13.2   15.7   16.6   34.0    137    130   84.8   38.9   24.6
 02     17.4   14.0   11.7   13.6   14.4   18.3   33.4    141    145   77.8   38.2   24.0
 03     18.3   14.0   12.1   13.2   14.4   19.2   32.8    150    155   71.0   36.2   24.0
 04     17.4   14.0   12.1   13.2   13.6   19.7   47.0    140    136   64.5   36.2   24.0
 05     17.9   13.6   12.5   13.6   14.0   22.2   33.4    135    146   64.5   36.2   22.9
 06     17.9   14.0   12.8   13.2   14.0   23.7   36.6    133    134   65.5   34.2   22.3
 07     17.0   14.0   12.5   13.6   13.2   24.7   35.9    137    147   63.6   34.2   22.3
 08     17.0   13.2   12.5   12.8   12.8   25.3   37.9    140    158   64.5   32.9   22.3
 09     16.6   13.2   12.8   12.5   12.8   32.8   42.6    135    148   62.7   32.9   21.8
 10     16.6   13.2   12.8   12.5   12.5   29.1   38.6    165    146   61.8   32.9   21.2
 11     16.1   12.8   12.8   12.5   15.7   28.0   37.9    240    150   61.0   31.6   20.7
 12     16.6   12.8   13.2   12.8   17.0   28.6    108    224    144   57.5   31.6   20.2
 13     16.6   12.8   13.2   13.2   17.4   24.7   96.4    206    145   55.0   32.2   20.2
 14     17.0   14.4   13.2   13.2   16.1   25.3   77.2    154    158   52.5   31.6   19.7
 15     17.4   14.0   13.2   13.2   17.0   24.2   90.3    132    152   50.9   30.4   19.3
 16     17.0   13.2   12.8   13.6   15.2   23.7   92.4    129    156   51.7   28.0   18.3
 17     16.6   13.2   13.2   12.8   14.8   24.2   99.7    136    142   51.7   27.4   18.3
 18     16.6   12.8   13.6   13.2   14.4   26.4    103    140    130   50.1   25.6   17.8
 19     16.1   12.5   13.6   14.0   14.0   28.0    107    147    127   51.7   25.6   17.3
 20     16.1   12.8   12.5   14.0   14.4   28.0   99.7    151    124   49.4   26.8   16.9
 21     16.1   12.1   14.0   14.8   13.6   35.3    101    143    193   49.4   26.2   16.4
 22     16.1   12.1   13.6   14.0   14.0   40.6    103    135    121   50.9   26.8   16.4
 23     15.7   12.5   15.2   14.0   13.6   43.3   94.5    153    117   50.9   25.6   15.5
 24     15.2   12.8   16.6   13.6   14.0   42.6    101    149    123   48.6   25.6   15.9
 25     14.8   12.5   15.7   13.6   15.7   38.6    111    159    117   47.8   25.6   15.9
 26     14.8   12.5   15.7   14.0   16.1   35.3    114    164    116   46.2   25.1   16.4
 27     15.2   12.1   16.6   13.2   17.4   34.7    116    147    116   44.7   25.6   15.9
 28     14.4   12.1   15.7   13.2   17.0   34.0    118    181    109   42.5   25.1   15.5
 29     14.8          15.2   13.6   16.1   34.0    120    159    103   41.8   25.1   15.9
 30     14.5          14.4   14.8   15.2   37.2    124    150   95.4   40.4   25.1   16.4
 31     14.4          13.6          14.8           127    135          39.6          15.9

Min     14.4   12.1   11.7   12.5   12.5   16.6   32.8    129   95.4   39.6   25.1   15.5   11.7
Mean    16.3   13.1   13.6   13.4   14.9   28.9   81.1    153    136   55.3   30.0   19.2   47.9
Max     18.3   14.4   16.6   14.8   17.4   43.3    127    240    193   84.8   38.9   24.6    240

