Station number: 430
Location:       Phoolbari                                                         Latitude: 28 14 00
River:          Seti River                                                       Longitude: 84 00 00

Year:           1982

                                    Mean daily discharge in m3/s
                                    ============================

Day     Jan.   Feb.   Mar.   Apr.   May    Jun.   Jul.   Aug.   Sep.   Oct.   Nov.   Dec.   Year
 01     12.5   11.0   10.3   14.6   16.9   21.2   33.5    220    139   58.7   26.4   19.2
 02     12.5   11.0   10.3   14.6   16.9   24.0   38.9    118    134   55.5   25.8   19.2
 03     12.5   11.0   10.3   14.6   16.9   25.1   37.6    139    127   51.6   25.8   19.2
 04     12.5   11.0   10.3   15.9   16.9   26.2   35.5    159    129   47.8   25.3   19.2
 05     12.5   11.0   10.3   15.5   16.9   28.0   36.9    173    120   42.6   24.7   18.8
 06     12.5   11.0   10.3   14.6   17.8   33.5   64.5    142    111   39.2   24.2   18.8
 07     12.1   11.0   10.3   14.2   19.3   34.2   71.9    132    108   38.6   23.7   18.8
 08     12.1   11.0   10.3   14.2   20.2   38.9   86.9    123    104   37.9   23.2   18.8
 09     12.1   11.0   10.3   14.2   22.3   34.2    101    227    101   37.9   22.7   18.8
 10     12.1   11.0   10.6   14.2   20.7   41.1    108    226    101   37.2   22.2   18.8
 11     12.1   11.0   11.0   14.2   20.7   48.6    164    211    126   37.2   21.7   18.8
 12     12.1   11.0   13.0   14.2   20.7   37.6    131    199    138   37.2   21.2   18.8
 13     12.1   11.0   13.8   14.2   20.7   56.7    122    192    160   36.6   20.7   18.8
 14     12.1   11.0   13.8   14.2   21.8   41.1    118    183    123   35.9   20.7   18.8
 15     12.1   11.0   13.8   14.2   20.7   55.8    119    186   95.5   35.3   20.2   18.8
 16     12.1   11.0   13.8   14.2   20.2   64.5    116    208   94.5   34.7   20.2   18.8
 17     12.1   11.0   15.5   14.6   19.7   67.3    117    152   98.9   34.0   19.7   18.8
 18     11.7   11.0   15.1   14.6   18.8   51.7    114    142   94.5   33.4   19.7   18.8
 19     11.7   11.0   14.6   14.2   18.8   40.4    134    152   92.4   32.8   19.7   18.8
 20     11.7   10.6   14.2   14.2   17.8   37.6    128    173   90.3   32.2   19.7   18.3
 21     11.3   10.6   14.2   14.2   17.8   36.2    113    206   85.2   31.6   19.7   18.3
 22     11.3   10.6   14.2   14.6   18.3   34.9    128    142   82.2   30.9   19.7   18.3
 23     11.3   10.6   14.6   15.1   17.8   38.9    206    195   81.2   30.3   19.7   18.3
 24     11.3   10.6   15.1   15.5   17.8   38.2    127    206   81.2   29.7   19.7   18.8
 25     11.3   10.3   14.6   16.4   17.8   37.6    129    152   80.2   29.1   19.2   18.3
 26     11.3   10.3   14.6   16.9   17.8   33.5    122    135   77.2   28.6   19.2   18.3
 27     11.3   10.3   14.6   16.9   17.8   32.2    125    142   74.3   28.0   19.2   18.3
 28     11.3   10.3   14.6   16.4   18.3   33.5    122    149   69.9   27.5   19.2   18.3
 29     11.3          14.6   15.9   18.8   33.5    132    148   66.4   27.0   19.2   17.9
 30     11.3          14.6   15.9   18.8   34.2    131    144   62.1   27.0   19.2   17.9
 31     11.0          14.6          19.3           230    142          26.4          17.9

Min     11.0   10.3   10.3   14.2   16.9   21.2   33.5    118   62.1   26.4   19.2   17.9   10.3
Mean    11.8   10.8   13.0   14.9   18.9   38.7    111    168    102   35.9   21.4   18.6   47.1
Max     12.5   11.0   15.5   16.9   22.3   67.3    230    227    160   58.7   26.4   19.2    230

