Station number: 430
Location:       Phoolbari                                                         Latitude: 28 14 00
River:          Seti River                                                       Longitude: 84 00 00

Year:           1974

                                    Mean daily discharge in m3/s
                                    ============================

Day     Jan.   Feb.   Mar.   Apr.   May    Jun.   Jul.   Aug.   Sep.   Oct.   Nov.   Dec.   Year
 01     13.4   13.0   12.5   11.7   15.5   16.9    159    321    146   66.8   31.4   17.0
 02     13.0   12.5   12.5   13.0   13.8   19.3    190    403    125   63.1   29.3   17.4
 03     13.0   12.1   11.7   13.4   12.5   17.8    113    214    118   64.5   27.2   17.4
 04     13.0   11.7   12.5   13.4   13.4   18.8    102    266    110   63.8   26.1   17.4
 05     12.5   12.1   12.5   13.4   14.2   15.9   81.7    586    121   63.1   26.1   16.5
 06     13.0   11.7   12.1   14.2   14.6   17.3   90.0    233    109   61.7   23.6   16.5
 07     13.4   11.0   11.7   13.8   13.4   19.3   90.0    239   97.3   61.7   21.1   15.7
 08     13.0   10.6   11.7   15.1   14.6   18.8   92.1    195   95.6   64.5   22.1   15.7
 09     12.5   11.3   11.3   15.1   13.8   19.3    121    143   90.6   63.8   21.1   16.1
 10     13.8   11.3   10.6   13.8   14.6   19.3    118    123   88.9   61.0   20.2   15.2
 11     13.4   11.7   10.6   13.4   16.4   13.8    123    123   95.6   59.5   19.7   14.8
 12     13.0   10.6   10.6   13.0   17.8   13.8    112    124    122   61.0   19.7   14.8
 13     13.8   11.3   10.3   13.0   16.9   14.6    119    115    113   62.4   20.2   14.4
 14     13.8   10.6   10.6   13.8   18.3   24.6    127    123    107   59.5   18.8   14.0
 15     14.2   10.3   10.3   13.4   17.8   21.2    121    113    122   62.4   17.9   14.0
 16     13.4   11.7   10.6   14.2   15.9   32.2    124   99.8    105   58.8   18.3   17.9
 17     17.0   11.3   10.3   13.0   13.8   37.6    124    110    108   56.7   18.8   17.4
 18     13.0   12.1   10.3   15.9   12.1   41.1    129    115    118   58.1   17.4   17.0
 19     12.5   12.5   10.3   13.8   11.7   46.2    118    118    112   56.7   18.3   16.5
 20     12.5   12.1   10.3   13.0   13.0   50.1    102    124    103   56.0   17.4   16.5
 21     13.4   11.3   10.3   13.8   11.7   61.8   76.8    122   99.0   49.2   17.9   17.0
 22     12.1   12.5   10.3   18.3   12.5   78.8    153    113   96.4   45.2   17.0   16.1
 23     11.7   11.7   11.0   16.4   11.7   57.5    148    123   88.9   43.3   16.5   17.0
 24     12.5   12.1   10.6   17.3   10.6   46.2    145    125   83.1   43.3   17.0   17.0
 25     13.4   13.0   11.7   14.2   9.94   41.1    130    114   78.3   43.3   18.3   17.0
 26     13.8   13.4   11.0   15.9   12.5   38.2    149    127   76.0   43.3   17.9   16.5
 27     13.8   12.1   12.5   17.8   13.4   39.6    133    122   75.2   41.5   17.9   16.5
 28     13.4   11.3   13.4   18.8   13.4   41.1    160    118   73.6   40.9   18.3   15.7
 29     13.4          12.5   19.3   12.1   99.7    586    128   73.6   40.2   17.4   15.7
 30     12.5          13.0   19.7   13.0    140    365    132   73.6   39.6   17.0   15.7
 31     13.4          12.1          15.1           462    123          39.6          15.7

Min     11.7   10.3   10.3   11.7   9.94   13.8   76.8   99.8   73.6   39.6   16.5   14.0   9.94
Mean    13.2   11.7   11.3   14.8   13.9   37.4    157    169    101   54.7   20.3   16.2   51.7
Max     17.0   13.4   13.4   19.7   18.3    140    586    586    146   66.8   31.4   17.9    586

