Station number: 430
Location:       Phoolbari                                                         Latitude: 28 14 00
River:          Seti River                                                       Longitude: 84 00 00

Year:           1964

                                    Mean daily discharge in m3/s
                                    ============================

Day     Jan.   Feb.   Mar.   Apr.   May    Jun.   Jul.   Aug.   Sep.   Oct.   Nov.   Dec.   Year
 01     15.2   14.3   14.3   14.7   21.3   29.1   34.6    126    164   80.1   44.2   29.1
 02     15.2   14.3   14.3   14.3   22.3   29.1   34.6    120    153   67.0   43.4   29.7
 03     15.2   14.3   14.3   14.7   22.8   29.7   37.8    134    142   60.5   42.7   28.6
 04     15.2   14.3   14.3   14.7   22.3   29.7   40.6    130    140   54.4   40.6   28.0
 05     15.2   14.3   14.3   14.7   23.8   29.1   37.8    143    134   48.8   38.4   27.4
 06     15.1   14.3   14.3   14.7   26.3   28.6   44.9    146    132   44.9   37.1   26.9
 07     15.0   14.3   14.3   14.7   23.8   28.0   40.6    150    126   32.0   36.5   28.0
 08     15.0   14.3   14.3   14.7   24.3   29.1   42.7    151    119   30.3   35.8   27.4
 09     15.0   14.3   14.3   14.7   26.9   28.6   44.9    146    103   30.3   34.6   28.6
 10     15.0   14.3   14.3   14.7   30.9   29.1   33.9    165   72.8   31.4   33.9   29.1
 11     14.8   14.3   14.3   14.7   31.4   28.6   35.2    190   68.0   33.9   32.6   29.7
 12     14.8   14.3   14.3   15.0   26.9   29.1   30.9    213    116   33.9   31.4   29.7
 13     14.8   14.3   14.3   15.0   32.0   29.7   35.8    243    162   35.8   31.4   29.7
 14     14.8   14.3   14.3   14.7   33.3   30.3   36.5    216    150   39.1   31.4   29.1
 15     14.8   14.3   14.3   14.7   32.0   32.6   33.3    270    142   43.4   31.4   27.4
 16     14.5   14.7   14.3   14.7   29.1   34.6   37.1    219    137   51.1   31.4   25.3
 17     14.5   14.7   14.3   15.0   30.3   32.6   39.1    211    134   55.2   30.9   23.3
 18     14.5   14.7   14.3   14.7   33.3   30.3   39.1    190    136   52.7   31.4   22.8
 19     14.5   14.7   14.3   14.7   33.9   30.3   41.3    219    132   52.7   33.9   21.3
 20     14.5   14.7   14.3   15.0   33.3   34.6   39.8    226    129   53.5   34.6   20.4
 21     14.3   14.7   14.3   15.0   33.9   34.6   47.2    215    123   52.7   36.5   19.1
 22     14.3   14.7   14.3   15.0   34.6   36.5   49.5    183    125   51.1   34.6   18.3
 23     14.3   14.3   14.3   15.4   35.2   35.2   56.1    165    137   48.8   32.6   17.9
 24     14.3   14.3   14.3   15.4   35.2   35.8   66.0    181    136   48.0   32.0   17.4
 25     14.3   14.3   14.3   15.4   33.3   37.1   83.3    205    129   45.6   32.0   17.0
 26     14.3   14.3   14.3   15.4   30.9   39.1   93.5    199    126   44.9   32.0   17.0
 27     14.3   14.3   13.9   15.0   30.3   44.2   99.7    188    119   44.9   32.6   16.6
 28     14.3   14.3   14.3   15.0   29.7   40.6    106    175    119   44.2   30.9   16.6
 29     14.3   14.3   14.3   15.0   29.1   39.8    114    159    111   42.7   30.3   16.6
 30     14.3          14.3   18.7   29.1   38.4    115    145    106   42.7   29.7   16.6
 31     14.3          14.3          29.1           120    153          42.7          16.6

Min     14.3   14.3   13.9   14.3   21.3   28.0   30.9    120   68.0   30.3   29.7   16.6   13.9
Mean    14.7   14.4   14.3   15.0   29.4   32.8   55.2    180    127   46.4   34.4   23.6   48.9
Max     15.2   14.7   14.3   18.7   35.2   44.2    120    270    164   80.1   44.2   29.7    270

