Station number: 430
Location:       Phoolbari                                                         Latitude: 28 14 00
River:          Seti River                                                       Longitude: 84 00 00

Year:           1978

                                    Mean daily discharge in m3/s
                                    ============================

Day     Jan.   Feb.   Mar.   Apr.   May    Jun.   Jul.   Aug.   Sep.   Oct.   Nov.   Dec.   Year
 01     21.1   17.0   16.5   13.1   22.6   46.5    143    178   83.2   70.8   24.7   19.7
 02     19.7   16.5   16.5   14.4   24.6   40.2    136    150   75.2   67.3   24.2   21.7
 03     20.6   16.1   15.2   14.0   27.2   41.5    130    141   69.0   63.8   24.2   20.2
 04     19.7   15.7   15.2   14.0   27.7   43.3    141    144   66.4   61.3   24.2   19.7
 05     18.8   15.7   14.4   13.6   25.1   40.9    148    149   68.2   62.1   24.2   18.8
 06     18.3   15.7   13.6   13.1   29.8   48.5    158    144   69.9   57.9   23.7   18.3
 07     17.9   15.7   14.4   12.3   27.2   43.9    150    143   94.5   57.1   23.7   18.3
 08     17.4   16.1   13.6   12.3   26.6   49.2    181    224   83.2   55.5   23.7   17.9
 09     18.3   18.8   13.6   12.7   30.3   65.3    193    154   77.2   51.6   23.7   17.9
 10     17.9   17.0   13.6   11.9   32.6   60.2    150    148   88.3   49.3   23.7   17.9
 11     17.9   16.5   13.6   12.7   29.3   54.6    133    180    103   47.8   23.2   17.9
 12     17.9   15.7   18.8   12.3   28.2   49.2    122    194    111   44.1   23.2   17.4
 13     17.4   15.2   19.7   12.7   40.9   45.2    118    145    105   42.6   23.2   17.4
 14     17.4   14.0   17.9   12.3   40.2   53.9    113    129    124   43.3   23.2   17.0
 15     17.4   14.0   17.4   13.1   54.6   53.2    106    122    101   41.9   23.2   17.0
 16     17.9   14.4   17.0   14.8   41.5   54.6    164    115   81.2   41.3   22.7   17.0
 17     17.0   14.4   16.5   14.0   48.5   52.6    130    108   77.2   40.6   22.7   16.6
 18     17.0   23.6   16.5   14.0   40.2   56.7    127    148   76.2   38.6   22.7   16.1
 19     16.5   23.6   15.7   12.7   38.4   78.3    158    118    112   37.9   22.7   16.1
 20     17.0   23.1   15.2   14.4   36.0   72.1    159    115   87.3   36.6   22.7   16.1
 21     15.7   22.1   14.8   12.7   37.8   67.6    183    102   71.7   34.7   22.7   16.1
 22     21.1   21.6   14.8   13.6   41.5   75.2    150    106   72.6   36.6   22.7   16.1
 23     20.6   21.1   14.0   12.3   34.3   75.2    126   98.0   63.0   34.7   24.2   16.1
 24     19.3   20.6   13.6   14.4   32.0   76.8    132    105   59.6   32.2   22.7   16.6
 25     18.3   19.3   13.1   13.6   34.3    126    140    102   59.6   32.8   21.7   16.1
 26     17.4   18.8   12.3   14.0   39.6    102    118   98.9   65.5   27.5   21.2   16.1
 27     17.4   17.0   13.6   13.1   41.5   82.3    124   93.4    108   26.4   21.2   16.1
 28     16.1   17.4   12.7   23.6   45.2    107    218   89.3    101   25.3   20.7   15.7
 29     18.8          12.7   23.6   46.5    119    139   91.4   87.3   24.2   20.7   15.2
 30     17.9          12.7   22.1   43.9    130    129   85.2   71.7   23.2   19.7   15.7
 31     17.9          14.4          40.2           125   80.2          22.2          17.4

Min     15.7   14.0   12.3   11.9   22.6   40.2    106   80.2   59.6   22.2   19.7   15.2   11.9
Mean    18.2   17.7   15.0   14.2   35.8   67.0    143    129   83.8   42.9   22.9   17.3   50.6
Max     21.1   23.6   19.7   23.6   54.6    130    218    224    124   70.8   24.7   21.7    224

