Station number: 447
Location:       Betrawati                                                         Latitude: 27 58 08
River:          Trishuli                                                         Longitude: 85 11 00

Year:           2007

                                    Mean daily discharge in m3/s
                                    ============================

Day     Jan.   Feb.   Mar.   Apr.   May    Jun.   Jul.   Aug.   Sep.   Oct.   Nov.   Dec.   Year
 01     49.6   39.7   40.1   59.5   66.8   99.8    302    514    484    315    132   78.4
 02     49.6   40.1   40.7   59.5   69.5    108    328    497    523    286    132   77.4
 03     48.9   40.1   39.9   56.2   70.5    113    365    481    498    204    130   76.4
 04     47.6   38.9   39.5   54.9   73.3    113    315    522    467    253    126   75.4
 05     46.7   44.3   39.3   56.5   75.0    124    362    477    578    239    129   76.0
 06     46.3   42.3   37.1   53.3   82.3    138    351    459    490    227    129   76.0
 07     45.4   43.2   36.7   54.9   77.3    138    341    470    464    218    130   75.4
 08     45.2   42.0   37.1   54.6   76.4    142    346    454    484    210    128   75.0
 09     44.0   41.8   36.1   53.1   79.4    181    316    437    455    207    126   73.7
 10     43.4   42.3   36.5   49.6   78.4    180    328    389    459    204    125   72.4
 11     44.0   43.6   37.1   53.1   79.1    187    410    457    384    211    123   71.1
 12     44.7   42.9   37.7   46.1   79.4    198    356    480    342    199    120   69.5
 13     44.7   41.8   43.6   48.1   72.4    211    370    634    335    205    101   69.5
 14     44.9   52.0   42.0   50.9   71.4    230    399    600    347    197   98.6   68.6
 15     44.3   42.3   40.7   51.6   80.1    242    356    532    338    190   96.1   67.7
 16     44.7   41.6   38.5   56.5   81.6    235    351    627    319    202   93.7   67.1
 17     44.0   41.4   38.1   57.0   91.0    226    475    635    301    185   92.9   63.7
 18     44.7   40.7   39.3   59.0    103    229    413    556    298    175   93.3   63.7
 19     44.5   39.9   43.8   53.8   99.8    237    340    680    281    172   92.1   62.3
 20     44.0   39.7   44.5   53.3    107    195    423    561    282    168   90.3   60.9
 21     44.5   40.7   43.8   65.6    123    163    580    489    262    155   89.2   62.0
 22     43.4   39.9   41.4   70.2    130    160    514    422    260    153   86.9   60.9
 23     43.2   40.7   43.4   68.3    133    195    531    422    238    149   85.8   61.7
 24     42.5   41.8   43.2   67.7    125    188    494    419    232    146   85.8   61.4
 25     41.4   43.4   45.4   67.1    124    208    530    411    344    149   85.1   61.2
 26     40.1   41.8   49.4   67.7    116    231    521    415    482    146   83.6   61.2
 27     39.9   41.4   45.2   65.0    108    294    517    447    316    149   81.5   62.3
 28     39.3   40.5   45.8   63.5    106    215    499    415    333    146   79.4   62.0
 29     39.5          49.6   64.0    107    246    552    476    479    142   87.7   60.6
 30     38.3          54.1   69.5   99.4    284    534    486    376    138   80.8   60.1
 31     38.5          54.4          94.9           552    511           138          59.2

Min     38.3   38.9   36.1   46.1   66.8   99.8    302    389    232    138   79.4   59.2   36.1
Mean    43.9   41.8   42.1   58.3   92.9    190    422    496    382    190    104   67.5    178
Max     49.6   52.0   54.4   70.2    133    294    580    680    578    315    132   78.4    680


Station number: 447
Location:       Betrawati                                                         Latitude: 27 58 08
River:          Trishuli                                                         Longitude: 85 11 00

Year:           2008

                                    Mean daily discharge in m3/s
                                    ============================

Day     Jan.   Feb.   Mar.   Apr.   May    Jun.   Jul.   Aug.   Sep.   Oct.   Nov.   Dec.   Year
 01     60.3   49.6   44.7   44.0   76.9   87.7    397    605    378    200    110   77.4
 02     59.8   49.1   47.4   44.9   66.2   91.0    385    542    371    186    109   77.4
 03     58.1   48.9   47.2   45.8   63.4    102    396    565    345    181    106   76.4
 04     58.1   48.9   47.2   44.7   64.7   99.8    349    601    336    192    109   75.7
 05     58.1   48.6   44.5   44.0   61.2    107    356    498    306    195    106   76.7
 06     57.3   47.2   44.7   44.7   60.6    126    443    494    297    188    104   78.1
 07     56.2   47.7   44.7   44.7   60.3    138    410    486    271    197    104   77.1
 08     55.4   48.1   44.7   44.5   63.2    150    384    482    265    182    101   76.4
 09     55.9   46.7   44.5   47.4   64.6    166    297    535    266    181    103   76.4
 10     57.3   45.6   44.5   46.6   64.9    182    352    540    256    165    101   76.4
 11     53.8   46.1   44.9   45.6   67.7    308    403    550    296    162    101   75.7
 12     53.1   46.7   44.3   48.5   68.6    337    406    568    280    163   99.4   71.1
 13     54.1   45.4   44.3   57.0   67.4    405    518    617    321    160   98.6   70.5
 14     54.8   45.2   44.0   50.4   65.2    280    467    774    334    153   93.3   69.5
 15     53.8   45.4   44.7   50.9   70.5    365    491    664    311    153   91.7   68.6
 16     53.8   46.7   44.3   51.8   76.0    294    458    653    275    148   89.9   68.0
 17     54.1   46.7   44.7   60.6   80.1    324    471    596    269    147   89.2   66.8
 18     54.1   46.1   44.5   51.8   76.0    277    571    513    316    144   88.0   66.8
 19     55.1   46.5   46.7   51.6   78.1    384    484    497    306    140   89.9   67.1
 20     53.8   44.9   45.2   52.6   80.1    401    475    481    381    132   86.2   67.1
 21     51.8   45.8   43.4   53.3   75.7    370    522    581    308    128   83.6   66.5
 22     51.6   47.0   43.4   55.4   76.4    341    458    494    275    128   82.2   66.2
 23     51.6   44.7   43.2   59.0   75.7    346    447    484    259    129   80.1   64.6
 24     51.6   45.2   44.7   65.0   82.8    392    447    512    248    125   82.5   62.3
 25     51.8   44.7   44.0   66.5    101    441    474    487    281    124   77.1   62.8
 26     51.1   44.0   43.4   74.0   96.2    350    510    497    260    124   81.1   62.8
 27     51.1   43.6   43.2   68.9   93.8    365    526    436    242    124   79.4   61.4
 28     50.9   44.5   42.7   71.4    105    325    541    494    223    120   79.1   60.6
 29     50.9   44.7   43.8   64.7   99.1    405    469    477    254    118   78.4   59.0
 30     50.4          43.2   62.9   99.8    330    509    497    225    116   77.1   59.8
 31     50.1          43.2          92.2           560    400           114          59.0

Min     50.1   43.6   42.7   44.0   60.3   87.7    297    400    223    114   77.1   59.0   42.7
Mean    54.2   46.4   44.5   53.8   76.6    276    451    536    292    152   92.7   69.2    179
Max     60.3   49.6   47.4   74.0    105    441    571    774    381    200    110   78.1    774


Station number: 447
Location:       Betrawati                                                         Latitude: 27 58 08
River:          Trishuli                                                         Longitude: 85 11 00

Year:           2009

                                    Mean daily discharge in m3/s
                                    ============================

Day     Jan.   Feb.   Mar.   Apr.   May    Jun.   Jul.   Aug.   Sep.   Oct.   Nov.   Dec.   Year
 01     58.1   50.4   45.4   46.3   82.3   71.9    258    300    366    180    107   75.0
 02     58.1   49.6   45.8   47.2   85.3   78.8    274    288    372    180    105   74.3
 03     57.8   50.4   46.7   51.1   87.0   85.1    202    310    365    170    102   71.4
 04     57.8   50.4   46.7   50.4   68.3   99.8    181    286    365    170    101   71.4
 05     58.1   50.4   46.7   51.1   65.6    122    202    313    368    171   98.6   71.4
 06     57.3   49.9   46.7   53.1   67.4    134    241    462    390    218   96.5   71.1
 07     56.5   49.6   46.7   51.3   65.6    116    268    433    390    361   94.8   68.6
 08     55.6   49.9   46.1   50.4   65.2    117    259    383    316    424   92.5   67.7
 09     54.1   49.9   44.7   49.4   63.2    126    227    412    290    230   96.2   67.7
 10     54.8   50.4   44.7   47.4   58.7    109    295    455    373    200   89.5   67.4
 11     54.1   49.9   44.5   47.7   58.7   99.8    338    490    359    183   87.7   67.4
 12     54.1   48.9   43.8   49.4   59.5    101    327    403    331    176   87.7   66.2
 13     54.6   49.4   44.5   52.1   59.8    112    434    379    290    165   90.3   65.9
 14     54.3   49.1   44.0   50.9   57.0    107    341    381    272    162   88.0   65.9
 15     54.6   48.1   44.7   54.6   57.6    107    384    421    266    154   86.6   65.6
 16     53.8   48.1   43.6   60.9   57.3    112    305    447    254    148   84.4   64.6
 17     53.6   48.6   44.7   57.6   60.6    118    293    468    228    154   83.6   64.0
 18     53.1   48.6   44.0   57.0   64.9    126    314    437    229    144   81.5   63.1
 19     52.6   47.4   43.6   56.5   71.5    124    348    380    225    140   77.4   62.0
 20     53.3   47.2   44.3   59.2   80.4    141    318    450    222    132   76.7   61.2
 21     53.3   47.6   44.5   67.1   75.1    151    281    338    228    135   76.4   60.3
 22     52.6   47.4   46.1   75.2   91.0    160    389    304    236    134   77.4   60.1
 23     52.6   45.6   44.7   61.2    112    159    342    333    223    131   77.1   59.2
 24     53.3   46.7   44.0   64.7   92.0    150    324    336    208    130   76.4   58.1
 25     52.6   47.4   44.3   65.4   88.0    160    299    359    200    126   76.4   58.1
 26     51.8   48.1   46.1   67.7   85.5    158    340    397    199    124   75.4   57.8
 27     51.8   46.7   45.8   64.7    120    182    408    378    193    122   75.4   57.3
 28     51.8   46.1   45.2   65.9   90.6    191    392    409    188    118   75.4   56.5
 29     51.3          44.7   75.2   84.4    206    388    356    192    117   75.4   56.5
 30     51.1          51.1   74.1   73.3    236    409    380    180    116   75.4   56.5
 31     50.6          51.6          80.8           356    390           111          57.3

Min     50.6   45.6   43.6   46.3   57.0   71.9    181    286    180    111   75.4   56.5   43.6
Mean    54.2   48.6   45.5   57.5   75.1    132    314    383    277    169   86.3   64.2    142
Max     58.1   50.4   51.6   75.2    120    236    434    490    390    424    107   75.0    490


Station number: 447
Location:       Betrawati                                                         Latitude: 27 58 08
River:          Trishuli                                                         Longitude: 85 11 00

Year:           2010

                                    Mean daily discharge in m3/s
                                    ============================

Day     Jan.   Feb.   Mar.   Apr.   May    Jun.   Jul.   Aug.   Sep.   Oct.   Nov.   Dec.   Year
 01     56.2   47.9   45.6   48.4   61.4   79.8    249    437    534    255    100   71.4
 02     56.5   47.4   49.6   48.6   72.4   87.3    226    442    590    254   99.8   69.5
 03     55.6   47.4   46.7   47.2   67.7   86.9    264    534    655    233   98.6   69.5
 04     55.6   46.7   45.8   45.8   60.6   99.8    342    511    590    223   98.6   69.2
 05     54.8   46.7   45.4   46.5   68.5   94.2    333    702    523    212   97.3   68.6
 06     54.8   46.7   45.4   47.0   61.7    102    376    633    456    199   96.1   68.6
 07     54.8   46.5   43.8   49.1   66.5   93.4    385    509    565    190   92.5   67.7
 08     54.1   46.7   43.4   50.1   64.7    103    318    495    536    186   92.5   67.7
 09     54.1   47.6   44.0   60.9   67.4    103    299    503    467    179   94.8   66.8
 10     53.3   48.6   44.0   63.6   69.5    112    405    503    435    181   90.3   66.8
 11     52.6   48.9   43.2   53.3   66.8    122    478    503    386    181   92.1   66.8
 12     53.3   48.1   43.6   60.1   63.2    119    324    544    396    171   90.3   65.9
 13     51.8   46.7   44.5   62.1   61.4    121    325    544    454    163   89.2   65.9
 14     52.3   46.5   43.4   56.5   60.3    111    308    554    529    158   89.2   65.9
 15     51.6   46.5   46.5   55.2   57.0    132    357    483    525    156   88.4   64.9
 16     51.6   46.1   45.2   55.4   57.3    146    424    634    667    154   87.3   64.9
 17     51.8   45.6   43.8   62.4   54.9    165    435    589    525    157   86.9   64.9
 18     51.1   45.4   43.2   63.2   61.8    145    429    605    607    154   85.8   64.0
 19     51.1   45.6   44.0   75.5   77.1    178    457    692    576    147   82.2   62.3
 20     50.4   45.8   44.7   76.1   94.7    174    538    673    482    144   79.4   60.6
 21     50.4   45.8   46.3   77.7   80.5    176    386    751    485    142   79.4   60.6
 22     50.4   46.3   51.1   73.8   74.1    180    441    682    484    138   79.4   59.5
 23     50.4   46.1   51.8   70.2   85.6    158    384    695    552    138   80.5   58.7
 24     50.4   46.1   55.2   64.7   94.2    175    403    670    450    132   78.4   58.4
 25     50.4   45.6   58.1   60.6   84.7    173    471    582    392    126   78.4   57.6
 26     50.1   45.4   57.0   55.7   88.0    186    476    481    353    125   77.4   55.6
 27     49.4   45.6   51.8   54.9   76.4    229    479    448    323    122   77.4   56.5
 28     48.9   45.4   51.1   57.3   77.1    252    388    530    293    115   76.4   56.7
 29     48.6          50.4   58.1   82.6    217    447    526    270    112   75.4   56.2
 30     48.1          50.1   58.4   87.3    198    548    558    271    105   73.7   53.3
 31     47.9          51.1          80.5           533    608           101          56.5

Min     47.9   45.4   43.2   45.8   54.9   79.8    226    437    270    101   73.7   53.3   43.2
Mean    52.0   46.6   47.4   58.6   71.8    144    394    568    479    163   86.9   63.3    181
Max     56.5   48.9   58.1   77.7   94.7    252    548    751    667    255    100   71.4    751
