Station number: 447
Location:       Betrawati                                                         Latitude: 27 58 08
River:          Trishuli                                                         Longitude: 85 11 00

Year:           1990

                                    Mean daily discharge in m3/s
                                    ============================

Day     Jan.   Feb.   Mar.   Apr.   May    Jun.   Jul.   Aug.   Sep.   Oct.   Nov.   Dec.   Year
 01     52.3   42.0   38.0   39.0   58.1    208    604    906    582    355    129   79.5
 02     52.3   43.0   38.0   37.0   59.5    232    573    632    546    325    124   79.5
 03     52.3   42.0   38.0   38.0   60.8    281    628    637    568    322    118   78.4
 04     52.3   42.0   36.0   37.0   59.5    293    591    604    550    315    120   78.4
 05     51.2   42.0   37.0   36.0   62.2    306    632    618    714    309    118   77.4
 06     51.2   41.0   36.0   37.0   59.5    290    623    725    730    296    118   77.4
 07     51.2   42.0   36.0   42.0   62.2    266    845    699    862    287    115   74.4
 08     51.2   41.0   37.0   39.0   60.8    224   1090    613    618    290    110   74.4
 09     49.2   42.0   37.0   42.0   63.6    234    941    941    550    287    108   73.4
 10     49.2   40.0   37.0   44.0   84.2    237   1030    929    642    263    110   73.4
 11     49.2   43.0   36.0   54.4   96.0    246    792    824    725    243    108   71.3
 12     47.1   41.0   41.0   63.6    125    229    750    901    740    249    104   71.3
 13     47.1   47.1   36.0   63.6    119    252    750    813    665    234    101   70.3
 14     45.0   43.0   36.0   62.2    136    240   1260    829    604    278   99.8   69.3
 15     45.0   41.0   38.0   47.1    148    257   1000    884    628    224   98.7   68.3
 16     45.0   41.0   38.0   53.3    173    315   1010    845    555    208   99.8   67.4
 17     45.0   39.0   38.0   54.4    178    394    958    818    542    205   97.5   66.4
 18     45.0   40.0   41.0   54.4    200    496   1350    766    487    193   94.0   65.5
 19     45.0   40.0   43.0   63.6    142    582   1030    802    520    183   91.7   64.6
 20     45.0   40.0   42.0   69.0    173    651   1020    750    475    175   92.9   63.7
 21     45.0   40.0   41.0   72.0    166    642    856    714    525    163   90.6   63.7
 22     45.0   40.0   52.3   70.5    130    642    901    776    479    161   89.4   63.7
 23     45.0   39.0   44.0   82.7    115    665   1120    699    444    159   87.2   64.6
 24     44.0   39.0   43.0   78.1    114    595   1000    709    413    159   82.8   64.6
 25     44.0   39.0   42.0   70.5    117    595   1010    642    500    154   82.8   64.6
 26     45.0   39.0   40.0   64.9    138    550    947    609    432    148   81.7   63.7
 27     44.0   38.0   39.0   63.6    134    417   1000    862    428    139   81.7   63.7
 28     44.0   39.0   37.0   63.6    138    452    901    646    413    137   80.6   62.7
 29     43.0          37.0   62.2    178    500    912    709    373    135   80.6   62.7
 30     43.0          37.0   59.5    144    604    988    623    366    133   80.6   61.8
 31     42.0          40.0           153           918    591           133          63.7

Min     42.0   38.0   36.0   36.0   58.1    208    573    591    366    133   80.6   61.8   36.0
Mean    46.9   40.9   39.1   55.5    118    396    904    746    556    221   99.8   69.2    274
Max     52.3   47.1   52.3   82.7    200    665   1350    941    862    355    129   79.5   1350

