Station number: 447
Location:       Betrawati                                                         Latitude: 27 58 08
River:          Trishuli                                                         Longitude: 85 11 00

Year:           1981

                                    Mean daily discharge in m3/s
                                    ============================

Day     Jan.   Feb.   Mar.   Apr.   May    Jun.   Jul.   Aug.   Sep.   Oct.   Nov.   Dec.   Year
 01     54.4   44.0   44.0   48.1   78.1    106    586    632    394    215    125   73.6
 02     55.4   43.0   44.0   43.0   70.5    146    604    623    406    218    125   72.0
 03     54.4   43.0   44.0   45.0   75.1    161    632    651    391    203    123   69.0
 04     54.4   43.0   44.0   45.0   87.6    155    628    559    366    175    119   70.5
 05     53.3   43.0   45.0   43.0   99.3    163    632    500    409    155    117   69.0
 06     53.3   43.0   45.0   41.0   99.3    171    504    542    421    155    112   69.0
 07     53.3   43.0   46.0   42.0   85.9    188    452    550    483    153    103   69.0
 08     52.3   42.0   45.0   44.0   82.7    195    550    520    504    151    101   67.6
 09     50.2   40.0   45.0   45.0   82.7    183    444    463    533    151    101   67.6
 10     49.2   43.0   44.0   45.0   84.2    173    500    413    651    151   99.3   66.3
 11     49.2   41.0   43.0   49.2   85.9    178    537    428    455    148   99.3   66.3
 12     49.2   41.0   43.0   51.2   72.0    173    568    496    391    146   97.6   64.9
 13     49.2   42.0   43.0   54.4   66.3    180    699    591    352    148   97.6   64.9
 14     48.1   42.0   42.0   56.8   81.2    190    661    591    338    142   97.6   63.6
 15     47.1   41.0   43.0   69.0    105    232    637    613    335    142   97.6   62.2
 16     47.1   41.0   44.0   73.6    117    263    637    563    312    142   94.3   62.2
 17     47.1   40.0   43.0   81.2   87.6    240    680    550    296    140   94.3   62.2
 18     47.1   40.0   43.0   78.1   90.9    281    623    525    284    140   92.6   60.8
 19     48.1   40.0   44.0   56.8    110    249    646    591    275    138   89.2   60.8
 20     46.0   40.0   45.0   58.1    121    260    559    533    254    138   85.9   59.5
 21     46.0   39.0   45.0   58.1    125    293    632    516    226    138   85.9   58.1
 22     46.0   41.0   43.0   63.6    106    293    730    670    198    136   82.7   58.1
 23     44.0   44.0   41.0   67.6   90.9    302    656    656    193    134   82.7   55.4
 24     44.0   45.0   40.0   62.2   81.2    380    699    555    210    134   79.6   56.8
 25     46.0   44.0   40.0   59.5   72.0    409    613    455    229    132   81.2   55.4
 26     46.0   44.0   40.0   55.4   92.6    500    586    475    210    132   79.6   55.4
 27     44.0   44.0   40.0   53.3    136    550    689    491    224    130   78.1   54.4
 28     44.0   44.0   39.0   54.4    127    491    642    483    252    130   76.6   54.4
 29     44.0          40.0   63.6   99.3    586    670    537    335    130   75.1   53.3
 30     46.0          42.0   75.1   85.9    533    623    504    246    127   75.1   53.3
 31     46.0          43.0          94.3           735    432           127          52.3

Min     44.0   39.0   39.0   41.0   66.3    106    444    413    193    127   75.1   52.3   39.0
Mean    48.5   42.1   43.0   56.1   93.3    274    615    539    339    148   95.6   62.2    196
Max     55.4   45.0   46.0   81.2    136    586    735    670    651    218    125   73.6    735

