Station number: 447
Location:       Betrawati                                                         Latitude: 27 58 08
River:          Trishuli                                                         Longitude: 85 11 00

Year:           1991

                                    Mean daily discharge in m3/s
                                    ============================

Day     Jan.   Feb.   Mar.   Apr.   May    Jun.   Jul.   Aug.   Sep.   Oct.   Nov.   Dec.   Year
 01     63.7   53.1   47.4   61.8   96.4    148    459    745    958    322    115   71.3
 02     63.7   52.2   47.4   56.5   92.9    108    455    901    941    302    113   70.3
 03     62.7   53.1   46.7   59.9   76.4    124    444    953    766    296    111   70.3
 04     61.8   52.2   47.4   59.0   67.4    141    483    976    714    296    111   69.3
 05     61.8   50.5   48.2   59.9   71.3    178    504    845    714    290    106   69.3
 06     60.9   50.5   48.2   56.5   74.4    183    750    873    845    284    103   70.3
 07     60.9   50.5   50.5   53.9   87.2    281    689    890    750    296    101   69.3
 08     59.9   50.5   50.5   51.4   96.4    208    546    941    918    281   98.7   68.3
 09     59.0   50.5   49.7   52.2   99.8    208    675    941    958    266   97.5   68.3
 10     57.3   50.5   49.0   55.6   96.4    266    475   1020    829    252   96.4   68.3
 11     57.3   49.7   49.0   51.4   88.3    296    467    901    818    237   96.4   66.4
 12     58.2   49.7   49.0   50.5   80.6    272    432    856    689    221   96.4   66.4
 13     56.5   49.0   48.2   49.7   74.4    284    421    840    628    215   91.7   65.5
 14     55.6   49.0   47.4   48.2   75.4    355    387    901    577    198   90.6   65.5
 15     55.6   49.0   46.7   48.2   89.4    312    467    970    591    195   87.2   64.6
 16     54.8   49.0   47.4   49.7   85.0    355    440    988    604    190   85.0   63.7
 17     57.3   49.0   47.4   51.4    106    302    533    890    656    180   83.9   63.7
 18     55.6   48.2   47.4   51.4    108    322    740   1050    573    168   82.8   62.7
 19     54.8   47.4   47.4   54.8    103    380    829   1040    537    171   82.8   62.7
 20     55.6   47.4   49.0   53.1   98.7    302    867   1090    500    171   82.8   62.7
 21     55.6   48.2   49.0   54.8    118    266    862    947    444    168   80.6   62.7
 22     55.6   48.2   51.4   59.0    139    299    628    824    436    163   81.7   62.7
 23     54.8   48.2   51.4   55.6    135    328    559    699    417    163   78.4   61.8
 24     54.8   48.2   49.7   57.3    104    373    628    730    398    163   77.4   62.7
 25     54.8   49.7   49.0   56.5    124    369    651    856    369    159   77.4   62.7
 26     53.9   49.0   49.7   57.3    198    342    595    680    342    154   77.4   61.8
 27     53.9   49.0   49.7   60.9    168    322    670    912    342    143   77.4   62.7
 28     54.8   48.2   51.4   71.3    180    338    665    964    362    133   77.4   59.0
 29     53.9          53.9   73.4    195    432    709    912    345    126   75.4   58.2
 30     53.9          58.2   75.4    208    448    699   1020    318    120   72.3   58.2
 31     53.9          59.9           178           714    884           116          57.3

Min     53.9   47.4   46.7   48.2   67.4    108    387    680    318    116   72.3   57.3   46.7
Mean    57.2   49.6   49.6   56.6    113    285    595    904    611    208   90.3   64.8    257
Max     63.7   53.1   59.9   75.4    208    448    867   1090    958    322    115   71.3   1090

