Station number: 447
Location:       Betrawati                                                         Latitude: 27 58 08
River:          Trishuli                                                         Longitude: 85 11 00

Year:           1992

                                    Mean daily discharge in m3/s
                                    ============================

Day     Jan.   Feb.   Mar.   Apr.   May    Jun.   Jul.   Aug.   Sep.   Oct.   Nov.   Dec.   Year
 01     55.6   47.4   45.1   41.4   53.9   74.4    226    953    755    306    110   70.3
 02     54.8   47.4   45.1   41.4   55.6   79.5    215    792    689    281    106   70.3
 03     54.8   47.4   43.6   41.4   58.2   82.8    213    890    651    278    104   68.3
 04     53.9   46.7   45.9   43.6   61.8   89.4    193    884    618    260    104   67.4
 05     54.8   46.7   45.1   42.8   55.6   89.4    210    740    604    249    103   67.4
 06     55.6   46.7   44.3   45.1   53.1   97.5    226    675    685    218   99.8   66.4
 07     53.9   52.2   44.3   43.6   54.8   94.0    218    689    628    210   98.7   65.5
 08     55.6   46.7   45.1   47.4   54.8   90.6    237    665    591    208   97.5   66.4
 09     54.8   45.9   45.1   54.8   57.3   82.8    243    665    760    208   97.5   64.6
 10     53.9   45.1   44.3   59.0   54.8   88.3    318    714    646    203   94.0   63.7
 11     54.8   45.1   42.8   59.0   57.3   79.5    293    709    563    205   94.0   62.7
 12     53.1   45.1   42.8   57.3   59.0   81.7    315    651    642    232   91.7   61.8
 13     53.9   45.1   43.6   61.8   61.8   95.2    355    555    699    200   91.7   61.8
 14     53.1   44.3   43.6   61.8   75.4    104    318    591    670    188   90.6   59.9
 15     52.2   45.1   43.6   60.9   62.7    120    296    689    591    175   90.6   60.9
 16     52.2   44.3   43.6   56.5   63.7    129    287    661    537    188   85.0   59.9
 17     50.5   42.8   42.8   51.4   74.4    173    318    694    496    173   83.9   59.9
 18     50.5   42.8   42.8   55.6   65.5    234    406    750    459    193   83.9   59.9
 19     50.5   42.8   42.8   49.0   59.9    243    366    714    413    173   81.7   59.0
 20     49.7   42.8   42.8   49.0   60.9    257    604    725    380    161   82.8   59.0
 21     50.5   42.1   42.8   57.3   57.3    380    609    906    352    152   79.5   58.2
 22     56.5   41.4   42.8   62.7   53.9    260    632   1080    342    148   78.4   58.2
 23     50.5   41.4   40.7   55.6   53.9    246    586   1200    328    139   83.9   56.5
 24     49.0   42.8   41.4   48.2   53.9    266    604   1380    281    137   71.3   56.5
 25     48.2   41.4   42.8   49.7   60.9    246    725   1090    306    131   69.3   55.6
 26     49.7   42.8   43.6   51.4   63.7    234    595    947    296    129   72.3   55.6
 27     49.0   40.7   44.3   52.2   76.4    198    582    947    290    120   70.3   54.8
 28     49.0   40.7   46.7   49.0   71.3    193    559    873    312    116   70.3   54.8
 29     48.2   43.6   48.2   50.5   78.4    188    559    878    355    113   71.3   54.8
 30     48.2          43.6   59.9   81.7    218    604    740    309    113   70.3   54.8
 31     52.2          42.1          78.4           725    781           110          55.6

Min     48.2   40.7   40.7   41.4   53.1   74.4    193    555    281    110   69.3   54.8   40.7
Mean    52.2   44.5   43.8   52.0   62.3    160    408    814    508    184   87.6   61.0    207
Max     56.5   52.2   48.2   62.7   81.7    380    725   1380    760    306    110   70.3   1380

