Station number: 447
Location:       Betrawati                                                         Latitude: 27 58 08
River:          Trishuli                                                         Longitude: 85 11 00

Year:           1977

                                    Mean daily discharge in m3/s
                                    ============================

Day     Jan.   Feb.   Mar.   Apr.   May    Jun.   Jul.   Aug.   Sep.   Oct.   Nov.   Dec.   Year
 01     54.4   46.0   52.3   54.4   63.6    159    436    740    436    263    130   82.7
 02     53.3   45.0   52.3   55.4   63.6    142    436    675    440    272    127   82.7
 03     53.3   44.0   51.2   56.8   58.1    151    475    750    440    260    132   81.2
 04     53.3   46.0   51.2   55.4   58.1    140    529    675    406    254    140   78.1
 05     53.3   45.0   51.2   51.2   63.6    123    550    656    373    254    132   75.1
 06     52.3   43.0   51.2   67.6   67.6    127    496    550    394    232    123   75.1
 07     51.2   43.0   51.2   69.0   60.8    123    563    555    432    224    119   72.0
 08     51.2   43.0   52.3   55.4   59.5    140    542    529    406    208    119   70.5
 09     52.3   44.0   54.4   51.2   58.1    144    559    500    391    205    115   70.5
 10     52.3   45.0   54.4   54.4   67.6    146    586    448    421    193    114   72.0
 11     51.2   45.0   53.3   56.8   73.6    146    604    436    463    193    112   70.5
 12     50.2   45.0   53.3   56.8   69.0    146    542    448    487    188    110   70.5
 13     48.1   45.0   51.2   56.8   70.5    144    525    432    428    175    105   70.5
 14     49.2   45.0   51.2   56.8   87.6    134    508    730    432    175    106   67.6
 15     49.2   47.1   51.2   58.1   84.2    153    455    508    373    173    105   66.3
 16     47.1   48.1   52.3   52.3   90.9    136    500    595    352    173    103   66.3
 17     47.1   48.1   51.2   53.3   79.6    132    516    525    342    161    101   64.9
 18     47.1   47.1   51.2   53.3   73.6    138    573    475    345    159    101   62.2
 19     48.1   48.1   50.2   50.2   81.2    168    613    467    331    151    101   60.8
 20     48.1   48.1   48.1   53.3   96.0    260    628    471    318    148   97.6   60.8
 21     46.0   46.0   46.0   55.4   99.3    269    609    452    309    142   94.3   59.5
 22     46.0   44.0   47.1   51.2   96.0    272    555    520    306    140   94.3   58.1
 23     47.1   47.1   48.1   53.3   89.2    290    550    680    299    138   96.0   58.1
 24     47.1   53.3   49.2   53.3   82.7    302    604    559    293    138   92.6   58.1
 25     49.2   53.3   48.1   55.4   82.7    306    586    750    287    138   90.9   58.1
 26     47.1   53.3   50.2   55.4   97.6    293    537    735    278    138   89.2   59.5
 27     46.0   53.3   51.2   63.6    105    312    604    665    272    134   89.2   75.1
 28     45.0   52.3   48.1   78.1    123    387    675    525    260    132   87.6   63.6
 29     44.0          49.2   87.6    140    306    618    694    257    134   87.6   56.8
 30     45.0          53.3   69.0    163    428    694    546    260    134   87.6   55.4
 31     46.0          62.2           173           709    512           132          54.4

Min     44.0   43.0   46.0   50.2   58.1    123    436    432    257    132   87.6   54.4   43.0
Mean    49.1   46.9   51.2   58.0   86.4    204    561    574    361    179    107   67.0    195
Max     54.4   53.3   62.2   87.6    173    428    709    750    487    272    140   82.7    750

