Station number: 447
Location:       Betrawati                                                         Latitude: 27 58 08
River:          Trishuli                                                         Longitude: 85 11 00

Year:           1999

                                    Mean daily discharge in m3/s
                                    ============================

Day     Jan.   Feb.   Mar.   Apr.   May    Jun.   Jul.   Aug.   Sep.   Oct.   Nov.   Dec.   Year
 01     47.4   40.0   35.9   44.0   69.0   85.5    351    713    853    421    128   72.0
 02     47.2   40.0   36.0   40.6   63.6   79.4    847    759    750    425    121   70.1
 03     48.0   39.6   35.5   39.6   56.6   69.9    682    628    782    436    118   69.3
 04     47.2   39.2   36.4   38.2   61.0   68.1   1250    692    626    370    117   70.4
 05     47.0   40.0   36.0   37.6   66.2   65.4    570    711    625    434    115   67.8
 06     46.2   38.6   36.6   37.2   75.4   64.7    529    703    585    477    112   67.3
 07     45.8   38.8   37.0   37.0   74.0   67.9    741    703    617    477    107   65.2
 08     45.0   38.6   36.8   38.4   77.7   68.2    612    740    552    391    106   64.3
 09     45.0   39.0   37.6   45.4   71.8   80.8    551    834    783    353    101   64.3
 10     46.6   38.2   37.0   40.6   62.9    127    557    742    724    321   99.4   63.1
 11     44.8   38.2   36.4   43.2   59.4    121    781    792    785    284   96.2   62.9
 12     45.4   37.8   35.5   47.8   60.8    232    604    966    667    269   95.5   61.7
 13     44.4   37.8   35.0   51.2   55.0    819    658    856    651    252   95.1   60.8
 14     45.0   37.8   34.8   56.5   72.1    197    624    781    640    226   94.0   62.2
 15     45.0   37.8   35.5   49.4   53.9    146    570    829    655    216   90.7   60.3
 16     44.2   37.6   36.0   45.6   51.2    156    705    725    594    205   90.3   60.1
 17     43.8   37.6   35.5   44.8   53.1    262    766    658    549    194   88.3   59.6
 18     43.4   37.4   36.0   45.6   54.2    272    992    802    510    185   84.4   60.8
 19     43.2   37.2   35.9   43.2   52.6    376    802    708    485    191   83.2   59.6
 20     42.6   37.0   36.6   49.0   50.4    443    856    853    485    373   82.3   59.6
 21     42.0   37.0   37.0   56.9   56.1    338    828    762    524    271   79.3   58.2
 22     41.4   36.8   36.8   62.9   69.3    370    821    871    457    202   80.5   57.7
 23     41.0   37.4   36.6   67.9   78.8    266    829    869    490    177   81.4   57.3
 24     41.2   37.6   37.8   69.2   98.6    367    890    829    486    166   79.3   58.0
 25     41.4   37.0   37.0   66.7    138    321   1040    900    474    163   80.5   58.2
 26     41.8   36.4   36.6   69.4    122    318   1160    913    506    163   75.2   59.4
 27     40.8   36.8   36.0   66.0    235    307   1040    788    520    149   72.8   56.8
 28     41.4   36.4   35.8   70.8    188    542   1110    767    506    141   71.2   57.5
 29     42.6          36.8   73.1    191    325    890    773    498    135   71.2   56.6
 30     41.2          39.2   72.9    134    310    907    761    427    131   71.2   55.2
 31     40.4          44.2           113           929    735           132          56.8

Min     40.4   36.4   34.8   37.0   50.4   64.7    351    628    427    131   71.2   55.2   34.8
Mean    43.9   38.0   36.6   51.7   86.0    242    790    779    594    269   92.9   61.7    257
Max     48.0   40.0   44.2   73.1    235    819   1250    966    853    477    128   72.0   1250

