Station number: 447
Location:       Betrawati                                                         Latitude: 27 58 08
River:          Trishuli                                                         Longitude: 85 11 00

Year:           1996

                                    Mean daily discharge in m3/s
                                    ============================

Day     Jan.   Feb.   Mar.   Apr.   May    Jun.   Jul.   Aug.   Sep.   Oct.   Nov.   Dec.   Year
 01     55.2   50.0   46.8   52.2   92.7    126    403    786    811    282    108   70.1
 02     54.2   50.0   46.4   51.0    130    125    385    803    793    283    106   69.1
 03     54.5   50.0   47.2   51.8    143    119    355    721    723    244    106   68.1
 04     53.8   50.2   49.4   50.0    139   98.6    353    694    816    274    112   66.8
 05     53.8   48.6   48.4   49.8    129   86.1    344    823    683    379    112   65.9
 06     53.2   48.4   47.4   51.8    136   82.0    336    743    697    313    106   65.9
 07     53.2   47.8   48.2   52.9    139   84.5    369    812    701    271   97.0   65.0
 08     52.4   47.8   49.8   53.0    133   84.8    416    880    619    244   95.1   65.0
 09     52.6   47.6   49.4   55.6    119   95.1    570    892    674    232   93.7   65.0
 10     52.4   47.8   51.8   56.1   95.7    116    569    881    605    220   93.7   64.5
 11     52.2   47.4   52.2   58.2   81.9    169    588    873    588    216   95.1   64.0
 12     51.4   47.0   62.6   56.8   83.3    137    572    825    584    203   92.7   63.8
 13     51.8   46.2   61.7   56.3   88.0    169    683   1630    540    196   89.3   63.1
 14     51.2   45.8   62.4   56.8   80.2    198    829   1210    481    181   87.3   62.6
 15     66.4   45.8   61.5   57.0   82.0    187    839    888    482    176   85.1   62.4
 16     59.1   45.6   61.5   55.6   93.3    224    647   1020    428    168   87.0   61.5
 17     56.8   45.0   60.1   58.2   83.9    244    636    992    387    155   88.3   61.2
 18     52.8   44.4   58.2   59.8   87.3    280    728   1070    380    155   86.0   60.3
 19     51.8   44.2   55.9   65.7   81.1    305    666    918    354    150   83.5   59.1
 20     51.4   49.2   52.8   76.4   77.8    348    739    822    335    139   81.7   59.1
 21     51.6   45.2   50.2   69.9   82.3    571    639    815    314    136   85.7   58.9
 22     51.2   44.6   50.6   69.1   83.9    554    662    768    303    130   83.8   58.4
 23     51.4   44.0   51.6   65.7    128    519    842    718    289    129   83.8   58.9
 24     51.6   44.0   49.8   58.4    148    564    847    668    298    133   85.1   58.9
 25     51.8   44.6   49.0   57.0    193    562    697    548    317    136   83.8   58.4
 26     51.2   46.6   52.8   62.4    203    571    633    537    317    137   83.5   57.5
 27     50.6   45.8   49.4   68.5    223    640    680    598    398    128   80.5   56.6
 28     50.6   47.0   53.0   89.7    188    471    798    578    354    118   72.5   56.1
 29     50.2   48.4   54.1   77.2    141    573    790    513    373    116   70.4   55.9
 30     50.6          57.5   91.0    138    514    781    815    305    114   69.6   56.6
 31     51.0          55.4           139          1000    725           110          53.4

Min     50.2   44.0   46.4   49.8   77.8   82.0    336    513    289    110   69.6   53.4   44.0
Mean    53.0   46.9   53.1   61.1    121    294    626    825    498    189   90.1   61.7    243
Max     66.4   50.2   62.6   91.0    223    640   1000   1630    816    379    112   70.1   1630

