Station number: 447
Location:       Betrawati                                                         Latitude: 27 58 08
River:          Trishuli                                                         Longitude: 85 11 00

Year:           1995

                                    Mean daily discharge in m3/s
                                    ============================

Day     Jan.   Feb.   Mar.   Apr.   May    Jun.   Jul.   Aug.   Sep.   Oct.   Nov.   Dec.   Year
 01     50.0   44.2   41.8   46.8   98.9    252    508    755    555    276   97.0   67.8
 02     49.4   44.0   41.6   47.2   88.0    273    482    920    545    274   96.2   68.0
 03     48.8   44.0   41.6   47.2   82.6    285    457    952    542    265   95.4   68.8
 04     48.8   44.0   41.6   46.2   81.1    312    493    801    577    263   85.7   68.0
 05     48.2   43.8   41.4   45.2   80.2    320    458    728    585    262   83.5   67.1
 06     47.8   43.2   41.4   43.6   73.3    431    490    791    568    260   83.2   65.9
 07     47.6   43.8   40.8   44.8   85.1    516    542    996    579    250   83.5   64.3
 08     47.6   43.8   40.8   46.0   92.7    476    549    956    567    240   86.0   63.6
 09     48.0   43.8   40.6   49.4   97.4    450    466    917    477    228    107   63.8
 10     48.0   43.8   40.2   55.4    144    460    466    896    436    214    643   63.1
 11     47.6   43.8   40.4   57.0    111    367    724    808    422    203    199   61.5
 12     47.6   43.8   40.0   52.0    175    398    847    820    385    180    108   61.7
 13     47.6   43.8   40.2   53.0    211    380    561    910    381    171    102   60.8
 14     47.6   43.6   40.2   50.0    220    360    653    679    359    171   96.2   60.1
 15     47.6   43.4   40.4   50.8    240    288    978    617    356    169   95.4   60.3
 16     47.6   42.2   40.8   48.8    301    278    668    609    350    162   92.3   59.1
 17     47.4   42.2   40.4   47.8    345    399    704    580    342    156   93.3   59.4
 18     46.4   42.0   41.0   48.4    576    531    780    566    348    148   92.0   58.0
 19     46.4   42.0   41.6   55.4    358    435    799    514    339    146   85.9   57.3
 20     46.8   42.0   42.8   56.6    266    413    785    577    322    144   73.1   57.0
 21     46.4   42.0   44.0   55.4    226    391    640    676    336    141   74.7   57.3
 22     46.8   41.8   45.2   54.5    212    390    706    711    333    140   74.1   57.0
 23     46.4   41.6   48.2   62.2    179    450    535    725    309    138   77.5   57.3
 24     45.8   42.0   51.2   61.7    165    779    570    754    342    135   77.8   57.7
 25     45.8   42.6   52.0   65.0    176    594    497    765    480    133   77.5   56.3
 26     45.4   41.2   57.3   69.9    173    472    507    825    441    124   76.6   56.8
 27     44.6   42.2   73.3   78.1    203    500    730    775    287    107   77.2   56.3
 28     44.6   41.6   53.9   80.5    235    489    599    757    274    105   73.3   56.3
 29     44.2          53.0   96.3    252    465    580    715    283    104   70.1   56.3
 30     44.0          49.6    117    239    511    695    696    277    102   68.8   55.4
 31     43.8          48.4           253           818    652          99.0          54.9

Min     43.8   41.2   40.0   43.6   73.3    252    457    514    274   99.0   68.8   54.9   40.0
Mean    46.9   42.9   45.0   57.7    195    422    622    756    413    178    108   60.6    246
Max     50.0   44.2   73.3    117    576    779    978    996    585    276    643   68.8    996

