Station number: 447
Location:       Betrawati                                                         Latitude: 27 58 08
River:          Trishuli                                                         Longitude: 85 11 00

Year:           1994

                                    Mean daily discharge in m3/s
                                    ============================

Day     Jan.   Feb.   Mar.   Apr.   May    Jun.   Jul.   Aug.   Sep.   Oct.   Nov.   Dec.   Year
 01     51.6   43.1   39.6   54.5   38.9    128    485    563    491    257   93.0   63.1
 02     50.8   41.9   39.4   47.7   42.1    173    424    540    557    244   88.3   62.9
 03     50.2   41.7   39.1   43.3   51.7    176    436    555    728    224   83.5   62.4
 04     50.0   41.0   39.1   42.3   60.3    152    461    516    645    204   83.5   61.7
 05     49.2   41.2   39.1   43.8   63.1    142    434    549    559    201   81.7   61.2
 06     49.2   41.2   39.1   50.8   55.9    134    413    577    486    205   80.8   59.8
 07     48.7   40.5   39.1   49.0   51.4    136    508    628    461    188   79.3   58.9
 08     48.4   40.7   38.4   44.6   57.3    163    403    589    444    173   78.4   58.9
 09     48.4   45.6   38.4   41.4   61.2    180    416    795    478    169   76.6   59.1
 10     48.2   41.4   37.5   41.0   57.0    194    547    841    542    169   75.5   58.7
 11     47.9   41.0   37.5   39.6   55.6    165    474    825    467    169   75.5   58.4
 12     47.7   40.5   37.7   39.6   55.0    169    427    796    520    167   75.2   57.7
 13     47.7   39.8   43.9   38.9   69.8    237    402    776    616    166   73.6   58.0
 14     47.2   39.6   39.4   38.9   78.6    240    433    797    564    154   71.2   58.2
 15     46.7   39.6   48.2   39.6   66.5    305    398    803    605    124   70.9   57.7
 16     46.9   39.6   43.1   39.6   55.3    448    355    677    496    121   71.2   57.5
 17     46.4   39.1   41.2   39.6   58.2    528    407    526    436    118   71.5   56.8
 18     46.9   39.1   41.7   39.1   55.9    447    491    600    415    116   68.8   57.0
 19     46.9   39.1   43.6   38.2   55.3    406    519    546    382    118   66.8   53.0
 20     46.1   39.1   48.2   38.2   54.8    414    564    510    420    120   66.6   52.0
 21     46.1   38.9   45.4   38.2   64.3    469    528    678    381    116   66.1   53.2
 22     46.1   41.2   43.9   38.2   83.2    635    567    704    354    113   65.7   53.8
 23     45.9   38.7   41.4   42.1   94.4    591    684    642    337    108   64.7   52.2
 24     45.4   39.1   41.4   41.2    120    551    705    582    319    106   63.3   52.4
 25     44.9   38.7   41.4   40.0    166    469    734    755    305    106   62.6   52.2
 26     44.3   38.7   50.7   38.9    135    441    745    726    300    105   62.9   51.6
 27     44.3   38.7   42.3   38.2    116    378    958    596    295    101   62.6   51.2
 28     43.8   40.3   41.7   37.5    115    331   1050    731    288    100   63.6   51.0
 29     44.1          42.3   38.2    142    399    824    792    281    100   62.6   50.4
 30     43.8          48.2   38.9    159    519    794    603    266   99.8   63.8   50.0
 31     43.8          53.9           128           692    557          96.2          50.0

Min     43.8   38.7   37.5   37.5   38.9    128    355    510    266   96.2   62.6   50.0   37.5
Mean    47.0   40.3   42.1   41.4   79.6    324    557    657    448    147   72.3   56.2    209
Max     51.6   45.6   53.9   54.5    166    635   1050    841    728    257   93.0   63.1   1050

