Station number: 447
Location:       Betrawati                                                         Latitude: 27 58 08
River:          Trishuli                                                         Longitude: 85 11 00

Year:           2001

                                    Mean daily discharge in m3/s
                                    ============================

Day     Jan.   Feb.   Mar.   Apr.   May    Jun.   Jul.   Aug.   Sep.   Oct.   Nov.   Dec.   Year
 01     52.2   42.0   36.6   35.2   44.2   92.5    579    727    629    244   86.0   56.8
 02     49.2   41.4   36.6   33.5   59.8    110    445    954    594    232   86.0   56.3
 03     47.4   39.8   35.8   32.8   49.4    152    423   1120    531    231   86.0   56.8
 04     47.4   38.6   35.5   32.5   50.2    208    468    798    500    244   85.0   56.8
 05     46.2   39.0   35.5   32.3   46.6    273    411    635    692    223   82.3   56.1
 06     45.6   38.4   35.0   33.0   49.0    222    387    579    504    203   79.6   55.4
 07     45.0   38.4   35.0   33.0   59.4    194    405    559    510    192   79.0   54.7
 08     44.4   39.0   34.5   36.0   53.7    132    418    594    694    190   79.6   54.2
 09     44.0   39.4   34.5   36.1   82.8    145    442    635    603    179   78.4   53.6
 10     43.8   40.6   34.5   35.3   60.8    139    460    617    523    185   74.9   52.2
 11     43.2   41.8   34.2   35.5   65.0    175    825    785    539    175   73.6   51.8
 12     43.2   41.2   34.0   34.5   63.6    182    744    648    659    160   70.7   51.6
 13     42.8   39.8   34.3   36.2   72.8    263    583    625    688    144   67.3   50.0
 14     43.0   39.6   34.2   36.0   75.2    246    837    732    605    152   67.3   50.6
 15     42.4   38.2   35.2   36.0   78.9    269    956    780    485    147   67.1   50.6
 16     41.6   38.2   34.3   35.5   93.1    314    943    645    425    137   66.6   51.2
 17     41.4   38.8   34.2   35.5   69.5    492    713    716    394    125   66.1   50.4
 18     41.4   38.4   33.8   36.2   67.9    469    640    884    402    123   66.8   50.0
 19     41.4   38.4   33.8   36.4   61.9    514    661   1120    355    121   64.5   48.8
 20     41.4   37.6   34.5   35.5   64.7    532    870    992    334    114   65.7   48.6
 21     41.4   37.8   36.0   35.2   69.4    537    599    990    303    109   65.9   47.6
 22     40.4   36.6   35.0   36.6   79.7    547    623   1040    294    108   64.3   47.4
 23     40.6   36.8   34.5   35.9   80.6    758    648   1070    301    106   63.8   47.0
 24     40.6   37.8   34.0   36.6   98.1    577    623    870    284    102   61.7   47.2
 25     40.6   36.8   34.0   40.0    105    696    770    698    258   99.0   61.7   46.8
 26     40.2   42.0   33.3   42.4    109    537    981    600    249   98.6   61.7   44.6
 27     40.0   38.4   33.5   46.0    101    536    790    629    249   93.0   60.3   46.2
 28     39.8   37.2   34.5   43.4   82.8    608    873    750    240   91.3   58.9   46.8
 29     40.6          34.0   47.0   70.7    535    836    579    232   91.0   58.9   46.2
 30     42.2          34.2   45.8    107    536    884    536    226   90.7   57.5   45.8
 31     42.0          35.0          85.1           892    535          88.7          45.3

Min     39.8   36.6   33.3   32.3   44.2   92.5    387    535    226   88.7   57.5   44.6   32.3
Mean    43.1   39.0   34.6   36.9   72.8    366    669    756    443    148   70.2   50.6    228
Max     52.2   42.0   36.6   47.0    109    758    981   1120    694    244   86.0   56.8   1120

