Station number: 447
Location:       Betrawati                                                         Latitude: 27 58 08
River:          Trishuli                                                         Longitude: 85 11 00

Year:           2005

                                    Mean daily discharge in m3/s
                                    ============================

Day     Jan.   Feb.   Mar.   Apr.   May    Jun.   Jul.   Aug.   Sep.   Oct.   Nov.   Dec.   Year
 01     54.8   60.4   55.6   50.8   63.1    157    443    703    701    351    157   63.4
 02     54.0   60.1   55.1   50.8   62.8    150    681    726    619    327    155   61.6
 03     53.2   59.2   55.3   50.8   63.7    137    575    698    642    367    136   60.1
 04     50.8   57.5   56.9   50.5   64.9    131    646    796    663    332    116   59.2
 05     49.2   57.2   58.9   50.0   71.0    120    562    845    612    320    103   58.0
 06     49.7   56.7   53.2   58.3   71.3    112    816    995    615    292   97.2   58.0
 07     49.2   56.4   50.8   60.7   65.6    116    561   1140    571    300   92.8   57.8
 08     48.9   55.6   51.9   56.4   81.8    118    582    814    595    294   91.6   56.1
 09     49.2   55.6   50.8   55.1   90.8    127    488    731    510    304   85.8   53.7
 10     48.4   54.3   51.3   53.2    114    135    729    688    514    271   85.4   53.2
 11     48.4   55.1   53.5   50.0   94.0    172    615    632    508    259   83.6   51.6
 12     47.6   54.5   52.7   49.2   89.3    192    573    822    499    244   79.6   49.2
 13     47.6   54.8   50.8   54.0   81.0    218    644    681    463    225   79.2   49.2
 14     46.5   54.0   50.8   51.6   79.6    257    757    697    421    215   78.9   47.6
 15     46.8   53.7   50.8   63.4   73.0    292    805    839    411    212   80.7   46.8
 16     46.8   53.2   50.8   67.1   80.3    310    755    920    377    206   77.1   46.8
 17     46.5   52.7   51.6   69.7   85.4    310    649   1010    368    191   77.1   47.6
 18     49.7   52.7   54.0   67.7   93.6    342    861    939    358    184   76.7   46.0
 19     48.4   51.9   57.2   69.0   98.1    309    706   1120    372    184   75.0   45.2
 20     45.2   51.1   55.6   63.7    101    264    741   1120    371    220   74.7   44.4
 21     45.2   50.3   55.3   60.7   98.1    282    547   1060    421    341   74.0   45.2
 22     49.2   50.5   63.2   73.0    120    293    726   1100    452    322   73.0   44.4
 23     64.7   50.8   56.1   78.9    128    310    670   1020    466    238   73.0   44.4
 24     62.8   51.1   54.0   81.0    156    318    702    964    416    205   71.0   44.4
 25     61.9   50.8   52.4   78.9    146    302    726    925    401    197   70.7   42.8
 26     61.3   51.1   50.8   78.5    151    326   1190    946    370    196   68.7   41.4
 27     61.0   52.4   49.7   92.7    161    385   1260    979    358    196   66.4   41.4
 28     59.8   52.1   52.4   78.9    160    437   1020    773    358    172   64.6   41.4
 29     59.2          56.4   74.7    161    443    918    767    347    174   64.3   40.8
 30     59.2          52.9   67.1    177    466    801    735    340    174   63.7   41.4
 31     58.3          50.8           161           718    712           165          39.6

Min     45.2   50.3   49.7   49.2   62.8    112    443    632    340    165   63.7   39.6   39.6
Mean    52.4   54.1   53.6   63.5    105    251    725    867    471    248   86.4   49.1    252
Max     64.7   60.4   63.2   92.7    177    466   1260   1140    701    367    157   63.4   1260

