Station number: 447
Location:       Betrawati                                                         Latitude: 27 58 08
River:          Trishuli                                                         Longitude: 85 11 00

Year:           1978

                                    Mean daily discharge in m3/s
                                    ============================

Day     Jan.   Feb.   Mar.   Apr.   May    Jun.   Jul.   Aug.   Sep.   Oct.   Nov.   Dec.   Year
 01     54.4   41.0   46.0   43.0   97.6    249    504    786    362    234    157   96.0
 02     53.3   40.0   46.0   42.0   99.3    208    500    735    352    210    153   97.6
 03     54.4   40.0   45.0   44.0    101    190    475    740    362    195    146   94.3
 04     53.3   39.0   45.0   43.0    112    200    459    740    355    185    140   94.3
 05     52.3   41.0   44.0   44.0    108    232    452    771    366    218    136   92.6
 06     51.2   41.0   43.0   45.0    127    249    459    771    345    516    132   92.6
 07     50.2   40.0   42.0   44.0    115    263    459    730    355    491    132   92.6
 08     49.2   44.0   42.0   45.0    117    293    504    802    342    373    132   89.2
 09     49.2   41.0   43.0   48.1    121    299    471    750    359    322    132   82.7
 10     49.2   41.0   45.0   53.3    140    306    409    704    369    290    130   81.2
 11     47.1   41.0   46.0   53.3    123    252    455    771    421    263    130   81.2
 12     47.1   41.0   58.1   59.5    121    210    459    824    406    260    130   81.2
 13     48.1   41.0   46.0   73.6    132    210    417    792    387    260    125   81.2
 14     48.1   41.0   45.0   63.6    151    243    376    661    391    249    121   79.6
 15     47.1   41.0   44.0   70.5    168    221    398    525    387    232    119   76.6
 16     46.0   47.1   44.0   75.1    173    278    604    471    380    213    117   76.6
 17     46.0   48.1   45.0   85.9    195    284    529    459    328    198    117   75.1
 18     45.0   50.2   54.4   99.3    226    362    504    491    299    183    115   73.6
 19     44.0   48.1   50.2   70.5    260    325    448    428    373    173    115   73.6
 20     44.0   47.1   48.1   67.6    234    352    479    425    352    171    115   72.0
 21     44.0   46.0   46.0   58.1    232    413    483    406    306    161    114   70.5
 22     46.0   46.0   44.0   54.4    198    398    475    487    309    157    112   70.5
 23     45.0   45.0   43.0   55.4    163    413    559    479    302    180    110   70.5
 24     44.0   45.0   45.0   62.2    166    448    573    475    290    173    110   66.3
 25     43.0   46.0   44.0   73.6    200    586    613    491    269    171    108   69.0
 26     43.0   46.0   42.0   64.9    237    577    568    487    260    171    108   64.9
 27     43.0   46.0   42.0   60.8    237    550    525    409    272    171    106   64.9
 28     42.0   46.0   44.0   70.5    213    512    613    406    266    166    106   63.6
 29     43.0          43.0   76.6    178    479    591    402    260    163    101   64.9
 30     42.0          46.0   90.9    185    504    555    387    240    157   94.3   63.6
 31     42.0          46.0           224           609    366           159          63.6

Min     42.0   39.0   42.0   42.0   97.6    190    376    366    240    157   94.3   63.6   39.0
Mean    47.0   43.6   45.4   61.3    166    337    501    586    336    228    122   77.9    213
Max     54.4   50.2   58.1   99.3    260    586    613    824    421    516    157   97.6    824

