Station number: 447
Location:       Betrawati                                                         Latitude: 27 58 08
River:          Trishuli                                                         Longitude: 85 11 00

Year:           2000

                                    Mean daily discharge in m3/s
                                    ============================

Day     Jan.   Feb.   Mar.   Apr.   May    Jun.   Jul.   Aug.   Sep.   Oct.   Nov.   Dec.   Year
 01     54.7   44.0   40.4   50.6   54.3    126    595   1300    880    268   98.6   61.0
 02     53.4   44.0   41.2   50.4   52.4    125    579   1500    829    257   96.2   58.9
 03     53.4   43.8   39.8   53.8   52.6    132    495    961    787    244   94.0   57.3
 04     53.2   44.4   39.6   50.8   52.6    207    508    790    884    243   92.7   57.0
 05     52.4   43.8   39.4   49.0   63.1    182    430    707    869    251   94.0   58.9
 06     52.6   44.0   39.0   46.2   64.5    285    477    640    952    237   95.1   58.2
 07     51.6   43.0   38.4   47.6   63.8    614    492    677    887    232   94.0   57.5
 08     51.0   43.0   38.4   49.0   55.6    726    463    688    974    222   92.0   56.8
 09     51.0   42.6   38.0   53.2   56.6    451    464    650    811    205   88.7   56.8
 10     50.8   42.6   37.8   45.2   58.9    339    572    862    852    194   84.1   56.3
 11     50.8   41.8   38.4   43.4   56.8    400    737    851    752    188   85.0   56.3
 12     51.4   42.2   37.4   46.0   65.5    268    727    849    659    188   84.1   55.6
 13     52.0   41.8   37.8   48.8   70.8    225    634    818    583    183   83.8   55.4
 14     49.2   41.4   37.4   51.2   75.9    210    773    856    602    171   80.5   54.9
 15     48.4   41.4   38.2   49.6   88.5    216    805    988    555    157   79.6   55.4
 16     47.8   41.2   38.0   46.6    105    210    877    802    539    153   82.9   54.7
 17     47.4   41.8   37.8   46.0   94.9    237    856    750    511    148   76.9   54.2
 18     47.4   41.4   39.2   44.8    108    500    813    740    506    143   74.7   54.2
 19     48.0   41.2   38.4   46.6    118    460    700    809    552    141   73.6   53.6
 20     47.8   41.2   37.8   46.6    120    459    738    886    694    141   71.2   53.4
 21     46.8   41.0   37.8   47.6    113    587    727    928    626    140   70.1   52.4
 22     47.8   40.8   36.6   52.9    190    710    722   1050    552    139   67.3   52.4
 23     47.8   40.8   37.2   51.0    149    628    620   1020    599    134   67.3   53.4
 24     46.6   41.2   38.0   49.8    183    764    634    860    471    126   65.9   53.4
 25     46.8   41.0   38.8   50.6    151    523    771    842    425    115   64.5   52.2
 26     44.8   40.6   39.0   45.6    240    411    758    804    392    112   63.8   51.8
 27     45.4   40.8   38.4   52.0    203    381    836    728    358    113   63.1   51.6
 28     44.4   40.4   37.8   46.4    163    448    806    822    334    103   63.8   51.0
 29     44.2   40.4   38.4   51.0    148    621   1030    893    307    101   62.4   50.6
 30     43.6          41.2   50.8    140    539    960    989    301   99.8   61.7   50.4
 31     44.2          45.6           138          1310    878          99.8          50.0

Min     43.6   40.4   36.6   43.4   52.4    125    430    640    301   99.8   61.7   50.0   36.6
Mean    48.9   42.0   38.7   48.8    106    399    707    869    635    169   79.1   54.7    266
Max     54.7   44.4   45.6   53.8    240    764   1310   1500    974    268   98.6   61.0   1500

