Station number: 447
Location:       Betrawati                                                         Latitude: 27 58 08
River:          Trishuli                                                         Longitude: 85 11 00

Year:           1980

                                    Mean daily discharge in m3/s
                                    ============================

Day     Jan.   Feb.   Mar.   Apr.   May    Jun.   Jul.   Aug.   Sep.   Oct.   Nov.   Dec.   Year
 01     48.1   39.3   35.7   40.6   63.6    106    366    845    421    257    119   78.1
 02     48.1   39.3   35.7   40.6   81.5    110    542    924    496    249    119   76.6
 03     46.8   43.1   33.6   40.6   85.1    133    500    912    402    234    115   76.6
 04     45.6   40.6   33.6   43.1    104    168    475    786    376    226    115   76.6
 05     44.3   40.6   33.6   40.6    118    146    432    730    452    210    114   75.1
 06     43.1   39.3   33.6   43.1   92.3    139    656    694    504    205    112   73.6
 07     43.1   39.3   33.6   45.6    102    152    563    665    402    195    108   72.0
 08     43.1   38.1   33.6   48.1   95.9    254    600    776    387    193    106   70.5
 09     43.1   38.1   41.8   48.1   85.1    577    444    851    413    190    106   70.5
 10     43.1   38.1   41.8   48.1   76.5    413    516    824    436    188    105   69.0
 11     41.8   38.1   40.6   45.6   76.5    198    595    637    398    183    105   69.0
 12     41.8   38.1   40.6   46.8   68.4    232    471    646    376    180    103   69.0
 13     41.8   39.3   39.3   49.3   66.8    200    508    646    384    173    101   66.3
 14     40.6   39.3   39.3   50.7   78.1    203    475    600    355    166   99.3   66.3
 15     41.8   39.3   39.3   53.6   78.1    183    500    623    335    161   99.3   64.9
 16     40.6   38.1   39.3   55.0   78.1    198    642    467    345    157   99.3   64.9
 17     40.6   38.1   40.6   48.1   74.9    232    586    436    335    155   97.6   63.6
 18     40.6   36.8   40.6   45.6   71.6    218    591    312    376    153   99.3   63.6
 19     39.3   36.8   39.3   62.2   74.9    249    628    243    328    151   97.6   63.6
 20     39.3   36.8   40.6   70.0   79.7    237    542    252    328    146   96.0   63.6
 21     40.6   36.8   41.8   92.3   85.1    287    680    275    322    140   96.0   62.2
 22     40.6   36.8   41.8    112   97.7    260    525    444    296    140   96.0   62.2
 23     40.6   36.8   40.6    112   90.5    284    546    656    293    138   92.6   60.8
 24     40.6   38.1   40.6   78.1   94.1    272    661    637    290    142   90.9   60.8
 25     40.6   36.8   40.6   76.5   99.7    306    609    656    284    136   89.2   58.1
 26     40.6   36.8   40.6   81.5   99.7    366    719    670    278    132   87.6   56.8
 27     40.6   36.8   40.6   74.9   79.7    496    504    421    269    127   85.9   55.4
 28     40.6   36.8   40.6   78.1   78.1    508    582    479    257    123   81.2   55.4
 29     40.6   35.7   40.6   74.9   79.7    380    646    432    272    123   82.7   55.4
 30     39.3          40.6   63.6   79.7    355    824    325    254    121   79.6   54.4
 31     39.3          39.3          94.1           884    376           119          54.4

Min     39.3   35.7   33.6   40.6   63.6    106    366    243    254    119   79.6   54.4   33.6
Mean    42.0   38.2   38.8   60.3   84.8    262    575    588    355    168   99.9   65.5    198
Max     48.1   43.1   41.8    112    118    577    884    924    504    257    119   78.1    924

