Station number: 447
Location:       Betrawati                                                         Latitude: 27 58 08
River:          Trishuli                                                         Longitude: 85 11 00

Year:           1987

                                    Mean daily discharge in m3/s
                                    ============================

Day     Jan.   Feb.   Mar.   Apr.   May    Jun.   Jul.   Aug.   Sep.   Oct.   Nov.   Dec.   Year
 01     56.5   46.8   45.6   57.9   56.5    154    296    555    463    195    114   78.1
 02     56.5   46.8   44.3   59.3   59.3    178    290    609    591    193    112   78.1
 03     56.5   48.1   41.8   60.7   63.6    148    428    628    491    188    110   78.1
 04     57.9   49.3   41.8   57.9   73.3    171    296    568    542    183    108   76.5
 05     59.3   48.1   40.6   57.9   68.4    190    376    463    448    168    106   76.5
 06     55.0   46.8   40.6   57.9   66.8    178    471    508    440    159    102   74.9
 07     55.0   46.8   40.6   65.2   62.2    188    456    546    432    157    104   73.3
 08     53.6   46.8   39.3   63.6   60.7    205    550    483    409    154    102   73.3
 09     52.2   46.8   39.3   94.1   62.2    200    555    538    391    150    102   71.6
 10     52.2   46.8   39.3   70.0   63.6    203    573    582    369    146    108   70.0
 11     52.2   45.6   39.3   59.3   63.6    190    586    941    362    146    106   71.6
 12     52.2   46.8   40.6   55.0   62.2    226    475    781    315    143    104   71.6
 13     50.7   46.8   40.6   53.6   68.4    237    452    680    312    141    102   73.3
 14     48.1   45.6   40.6   50.7   70.0    237    500    704    302    141   97.7   71.6
 15     46.8   45.6   40.6   52.2   70.0    252    428    600    306    137   97.7   71.6
 16     45.6   45.6   41.8   52.2   71.6    254    380    463    299    137   95.9   71.6
 17     48.1   44.3   43.1   50.7   78.1    237    409    444    293    131   95.9   71.6
 18     50.7   45.6   44.3   52.2   78.1    246    421    425    284    129   95.9   70.0
 19     49.3   45.6   43.1   52.2   79.7    260    500    512    275    154   94.1   70.0
 20     49.3   45.6   43.1   53.6   79.7    266    520    444    260    237   94.1   68.4
 21     48.1   44.3   41.8   56.5   97.7    272    508    483    240    178   88.7   68.4
 22     48.1   44.3   43.1   57.9    104    257    546    500    275    166   88.7   68.4
 23     49.3   44.3   44.3   56.5    124    309    680    529    269    159   88.7   66.8
 24     48.1   43.1   46.8   56.5    106    246    628    680    263    154   86.9   66.8
 25     48.1   43.1   49.3   56.5    102    272    760    525    257    146   86.9   65.2
 26     46.8   43.1   50.7   56.5   95.9    269    694    591    240    143   79.7   63.6
 27     46.8   44.3   50.7   55.0   95.9    290    661    555    226    137   81.5   63.6
 28     48.1   46.8   52.2   56.5    112    278    670    699    218    131   78.1   60.7
 29     48.1          52.2   56.5    116    275    665    591    208    126   78.1   59.3
 30     46.8          55.0   57.9    118    362    559    618    200    120   79.7   59.3
 31     48.1          57.9           129           529    568           116          57.9

Min     45.6   43.1   39.3   50.7   56.5    148    290    425    200    116   78.1   57.9   39.3
Mean    50.8   45.8   44.3   58.1   82.5    235    512    575    333    154   96.3   69.7    188
Max     59.3   49.3   57.9   94.1    129    362    760    941    591    237    114   78.1    941

