Station number: 447
Location:       Betrawati                                                         Latitude: 27 58 08
River:          Trishuli                                                         Longitude: 85 11 00

Year:           1985

                                    Mean daily discharge in m3/s
                                    ============================

Day     Jan.   Feb.   Mar.   Apr.   May    Jun.   Jul.   Aug.   Sep.   Oct.   Nov.   Dec.   Year
 01     57.3   49.0   57.3   57.3   61.8   95.2    276    283    435    205    124   76.5
 02     57.3   48.2   58.2   57.3   62.7   92.9    298    270    421    190    124   74.9
 03     55.6   48.2   58.2   58.2   61.8   88.3    456    254    444    183    118   74.9
 04     55.6   48.2   58.2   56.5   61.8   85.0    423    302    448    173    116   74.9
 05     55.6   48.2   57.3   55.6   60.9   95.2    414    276    456    173    116   73.3
 06     55.6   49.0   58.2   55.6   59.9    108    346    264    362    163    112   74.9
 07     54.8   49.0   58.2   55.6   59.9    114    505    258    309    161    110   74.9
 08     54.8   48.2   57.3   54.8   59.0    102    383    279    287    152    110   73.3
 09     53.9   48.2   53.9   55.6   62.7    104    328    279    284    168    106   73.3
 10     53.1   48.2   59.0   59.0   64.6   87.2    342    289    296    293    102   73.3
 11     53.1   48.2   59.9   59.0   64.6   90.6    302    295    362    215   99.7   73.3
 12     53.1   48.2   60.9   61.8   64.6   95.2    318    302    348    195   97.7   73.3
 13     52.2   48.2   61.8   64.6   64.6   99.8    418    254    299    185   95.9   71.6
 14     52.2   48.2   60.9   63.7   67.4    124    364    264    345    168   94.1   73.3
 15     52.2   48.2   60.9   59.0   71.3    136    342    339    318    157   94.1   70.0
 16     52.2   49.0   60.9   58.2   68.3    130    342    283    491    150   95.9   66.8
 17     52.2   49.7   59.0   57.3   68.3    134    353    292    568    322   94.1   68.4
 18     51.4   49.7   58.2   59.0   61.8    143    368    305    417    463   88.7   66.8
 19     52.2   50.5   56.5   60.9   63.7    140    318    387    345    440   85.1   66.8
 20     51.4   51.4   56.5   63.7   66.4    142    342    387    306    275   85.1   66.8
 21     51.4   53.1   56.5   68.3   72.3    151    360    332    293    224   85.1   63.6
 22     51.4   53.9   58.2   79.5   65.5    161    387    391    281    198   83.3   63.6
 23     51.4   54.8   59.9   85.0   63.7    184    372    447    299    183   83.3   62.2
 24     51.4   55.6   58.2   76.4   66.4    208    364    391    266    171   83.3   62.2
 25     49.7   55.6   57.3   72.3   75.4    199    350    318    260    161   81.5   60.7
 26     49.7   56.5   56.5   65.5   85.0    212    357    289    243    152   81.5   62.2
 27     49.7   56.5   56.5   62.7   95.2    312    368    328    226    146   79.7   71.6
 28     49.0   57.3   58.2   61.8   92.9    251    357    364    224    141   79.7   63.6
 29     49.0          59.9   61.8   85.0    163    360    410    252    135   78.1   60.7
 30     49.0          59.9   60.9   85.0    193    346    427    221    131   78.1   59.3
 31     49.0          58.2          90.6           332    372           126          57.9

Min     49.0   48.2   53.9   54.8   59.0   85.0    276    254    221    126   78.1   57.9   48.2
Mean    52.5   50.7   58.4   62.2   69.5    141    361    320    337    200   96.1   68.7    151
Max     57.3   57.3   61.8   85.0   95.2    312    505    447    568    463    124   76.5    568

