Station number: 447
Location:       Betrawati                                                         Latitude: 27 58 08
River:          Trishuli                                                         Longitude: 85 11 00

Year:           1986

                                    Mean daily discharge in m3/s
                                    ============================

Day     Jan.   Feb.   Mar.   Apr.   May    Jun.   Jul.   Aug.   Sep.   Oct.   Nov.   Dec.   Year
 01     57.9   48.1   48.1   49.3   62.2   83.3    550    613    425    243    131   83.3
 02     56.5   46.8   48.1   48.1   73.3   90.5    448    595    406    234    131   81.5
 03     55.0   49.3   50.7   48.1   81.5   90.5    459    582    440    229    120   81.5
 04     53.6   53.6   46.8   48.1   85.1   97.7    409    538    471    224    116   76.5
 05     52.2   48.1   49.3   48.1   73.3    112    402    500    440    218    114   74.9
 06     52.2   52.2   46.8   49.3   68.4    126    387    456    436    210    112   73.3
 07     50.7   53.6   49.3   50.7   65.2    146    417    452    444    210    112   73.3
 08     49.3   52.2   48.1   50.7   68.4    150    456    456    440    205    110   71.6
 09     48.1   53.6   49.3   50.7   81.5    143    479    428    444    203    110   70.0
 10     49.3   52.2   53.6   53.6   86.9    154    487    456    479    195    108   70.0
 11     50.7   50.7   55.0   57.9   85.1    185    496    391    504    188    106   68.4
 12     50.7   53.6   50.7   60.7   81.5    200    459    550    538    183    106   68.4
 13     52.2   53.6   52.2   70.0   81.5    260    456    582    546    178    104   68.4
 14     55.0   52.2   53.6   81.5   83.3    221    632    525    829    171    102   68.4
 15     53.6   55.0   53.6   85.1   97.7    234    675    463    591    166    102   66.8
 16     53.6   52.2   53.6   83.3   86.9    263    760    500    491    161   99.7   63.6
 17     52.2   52.2   53.6   79.7   86.9    266    771    637    421    154   97.7   63.6
 18     53.6   52.2   52.2   68.4   73.3    362    735    632    359    173   97.7   63.6
 19     52.2   52.2   52.2   68.4   76.5    384    750    680    342    168   95.9   70.0
 20     52.2   52.2   52.2   68.4   76.5    398    694    730    328    161   95.9   68.4
 21     50.7   50.7   52.2   68.4   74.9    376    786    689    352    152   95.9   63.6
 22     50.7   49.3   48.1   73.3   78.1    384    766    604    338    146   92.3   62.2
 23     52.2   48.1   48.1   83.3   78.1    394    675    520    266    141   90.5   63.6
 24     52.2   50.7   48.1   71.6   74.9    428    709    512    328    141   86.9   62.2
 25     50.7   49.3   48.1   68.4   76.5    384    786    459    278    139   86.9   60.7
 26     52.2   48.1   49.3   68.4   79.7    398    680    448    269    139   88.7   59.3
 27     50.7   49.3   49.3   63.6   76.5    709    750    459    263    137   86.9   59.3
 28     50.7   48.1   48.1   63.6   81.5    546    582    452    257    135   85.1   57.9
 29     50.7          49.3   60.7   76.5    689    595    409    257    135   85.1   57.9
 30     48.1          50.7   57.9   81.5    525    642    394    243    133   81.5   56.5
 31     48.1          50.7          81.5           689    391           133          56.5

Min     48.1   46.8   46.8   48.1   62.2   83.3    387    391    243    133   81.5   56.5   46.8
Mean    51.9   51.0   50.4   63.3   78.5    293    599    519    408    174    102   67.3    205
Max     57.9   55.0   55.0   85.1   97.7    709    786    730    829    243    131   83.3    829

