Station number: 447
Location:       Betrawati                                                         Latitude: 27 58 08
River:          Trishuli                                                         Longitude: 85 11 00

Year:           2006

                                    Mean daily discharge in m3/s
                                    ============================

Day     Jan.   Feb.   Mar.   Apr.   May    Jun.   Jul.   Aug.   Sep.   Oct.   Nov.   Dec.   Year
 01     54.0   38.3   41.0   32.2   68.7    254    413    584    464    227    104   56.5
 02     58.3   39.0   40.3   38.7   70.6    252    736    630    376    209    104   55.4
 03     53.3   41.0   38.1   37.6   66.1    268    521    717    353    193    101   54.3
 04     53.3   42.0   38.0   39.0   61.1    269    496    428    360    201   99.8   53.3
 05     52.7   42.7   36.5   36.2   62.9    253    536    408    346    190   98.1   52.6
 06     52.0   43.3   36.5   38.1   63.6    335    509    484    332    181   95.7   51.8
 07     50.6   43.8   35.8   38.8   65.8    369    545    459    316    195   96.1   51.8
 08     50.8   43.3   35.3   44.4   81.0    368    562    441    311    178   93.7   54.1
 09     49.6   43.8   33.1   45.0   92.2    483    603    450    400    171   95.3   52.3
 10     50.2   43.8   32.2   46.1   88.1    430    625    393    322    258   89.9   53.8
 11     48.4   43.4   36.7   42.9   90.8    490    606    353    333    171   89.2   59.2
 12     47.9   43.1   36.5   40.7   90.5    402    693    313    385    167   88.8   59.2
 13     47.9   42.1   35.5   39.9   80.7    340    734    318    412    166   84.7   54.9
 14     47.9   42.0   34.5   39.6   78.7    287    668    385    325    163   82.6   55.1
 15     47.9   41.6   34.1   39.7   83.9    257    947    419    283    146   78.8   53.3
 16     48.4   41.0   44.8   37.4   93.2    238   1120    377    275    146   75.0   52.6
 17     47.3   40.1   41.2   36.0   90.5    232    912    370    261    144   72.4   53.3
 18     45.9   39.4   36.7   46.7   99.6    239    506    345    256    147   69.5   53.8
 19     44.4   39.0   33.6   45.0    105    245    637    330    273    143   68.0   53.3
 20     42.7   39.4   35.1   38.5   89.4    232    571    374    226    134   65.9   52.3
 21     40.5   38.3   34.1   39.7   99.4    241    752    458    255    135   64.9   52.3
 22     39.4   41.2   36.9   42.1    106    228    790    379    256    130   62.9   51.6
 23     36.5   43.3   36.4   39.9    108    287    975    448    387    132   62.3   51.8
 24     36.2   42.7   34.6   43.4    108    313    789    486    343    128   59.8   51.1
 25     35.1   42.5   33.6   43.3    140    398    735    597    491    129   60.6   51.1
 26     35.1   41.6   36.5   44.4    357    359    692    764    333    120   61.4   50.4
 27     36.2   43.3   35.7   44.2    288    498    640    611    281    116   60.3   49.6
 28     37.2   42.7   35.5   46.7    235    454    613    573    254    114   59.0   49.6
 29     38.0          34.6   42.9    259    606    578    523    239    112   58.1   49.6
 30     38.3          33.6   48.1    274    440    574    462    233    111   57.3   48.9
 31     39.4          34.1           279           569    483           111          50.1

Min     35.1   38.3   32.2   32.2   61.1    228    413    313    226    111   57.3   48.9   32.2
Mean    45.3   41.7   36.2   41.2    125    336    666    463    323    157   78.6   52.9    197
Max     58.3   43.8   44.8   48.1    357    606   1120    764    491    258    104   59.2   1120

