Station number: 447
Location:       Betrawati                                                         Latitude: 27 58 08
River:          Trishuli                                                         Longitude: 85 11 00

Year:           1988

                                    Mean daily discharge in m3/s
                                    ============================

Day     Jan.   Feb.   Mar.   Apr.   May    Jun.   Jul.   Aug.   Sep.   Oct.   Nov.   Dec.   Year
 01     57.9   52.2   48.1   59.3   68.4    168    348    878    459    195    106   71.6
 02     57.9   50.7   48.1   60.7   73.3    141    338    680    436    193    106   70.0
 03     57.9   49.3   48.1   60.7   74.9    139    362    550    491    190    106   71.6
 04     57.9   49.3   49.3   62.2   81.5    110    479    582    432    185    108   71.6
 05     57.9   50.7   49.3   63.6   83.3    152    637    665    483    195    102   71.6
 06     57.9   49.3   50.7   63.6   74.9    122    689    555    432    166   95.9   71.6
 07     59.3   49.3   50.7   63.6   73.3    124    475    766    463    159   90.5   70.0
 08     59.3   48.1   52.2   65.2   79.7    131    432    661    613    152   92.3   68.4
 09     59.3   49.3   52.2   66.8   79.7    157    508    725    421    152   92.3   68.4
 10     59.3   50.7   52.2   70.0   95.9    166    550    750    391    148   88.7   68.4
 11     57.9   50.7   50.7   70.0   85.1    195    491    725    355    143   86.9   68.4
 12     57.9   50.7   49.3   70.0   97.7    210    665    725    335    143   86.9   66.8
 13     56.5   50.7   50.7   70.0   94.1    237    623    704    322    139   85.1   66.8
 14     56.5   52.2   50.7   70.0   88.7    232    555    665    309    135   83.3   66.8
 15     56.5   52.2   50.7   66.8   95.9    221    500    714    309    133   83.3   65.2
 16     56.5   52.2   52.2   68.4   88.7    232    618    740    266    131   81.5   60.7
 17     55.0   50.7   49.3   68.4   95.9    394    586    656    306    139   81.5   62.2
 18     55.0   50.7   49.3   65.2    106    252    750    694    335    148   81.5   62.2
 19     55.0   50.7   48.1   68.4    106    249    632    699    281    148   79.7   60.7
 20     53.6   50.7   48.1   66.8    110    226    577    725    269    124   79.7   60.7
 21     53.6   50.7   48.1   70.0    114    312    656    689    257    122   78.1   59.3
 22     53.6   49.3   50.7   70.0    131    260    651    766    257    122   78.1   57.9
 23     50.7   48.1   50.7   70.0    126    260    699    829    243    122   76.5   57.9
 24     49.3   48.1   52.2   68.4    120    421    646    719    240    124   76.5   57.9
 25     52.2   46.8   52.2   68.4    116    328    730    699    232    122   76.5   57.9
 26     52.2   45.6   53.6   65.2    133    318    685    661    232    120   74.9   81.5
 27     50.7   45.6   53.6   65.2    133    312    699    680    246    116   73.3   62.2
 28     50.7   46.8   55.0   63.6    252    312    689    618    224    112   71.6   62.2
 29     52.2   48.1   55.0   65.2    152    312    786    591    221    114   71.6   59.3
 30     52.2          56.5   66.8    157    315    665    550    208    110   71.6   59.3
 31     52.2          57.9           150           714    496           110          59.3

Min     49.3   45.6   48.1   59.3   68.4    110    338    496    208    110   71.6   57.9   45.6
Mean    55.3   49.6   51.1   66.4    108    234    595    682    336    142   85.5   65.1    206
Max     59.3   52.2   57.9   70.0    252    421    786    878    613    195    108   81.5    878

