Station number: 447
Location:       Betrawati                                                         Latitude: 27 58 08
River:          Trishuli                                                         Longitude: 85 11 00

Year:           1989

                                    Mean daily discharge in m3/s
                                    ============================

Day     Jan.   Feb.   Mar.   Apr.   May    Jun.   Jul.   Aug.   Sep.   Oct.   Nov.   Dec.   Year
 01     57.9   55.0   50.7   53.6   68.4    148    475    632    440    284   99.3   63.6
 02     56.5   53.6   49.3   56.5   63.6    133    387    568    452    287   97.6   63.6
 03     56.5   53.6   49.3   55.0   85.1    135    391    428    398    237   94.3   62.2
 04     55.0   52.2   48.1   53.6   94.1    161    352    428    417    226   92.6   60.8
 05     55.0   56.5   49.3   56.5   95.9    141    312    471    402    218   90.9   60.8
 06     55.0   52.2   49.3   56.5   94.1    161    496    568    436    198   89.2   59.5
 07     55.0   50.7   48.1   62.2   97.7    152    479    595    425    193   87.6   59.5
 08      102   49.3   46.8   66.8    104    139    516    533    537    183   85.9   60.8
 09     71.6   49.3   46.8   71.6    118    146    568    656    376    175   85.9   59.5
 10     60.7   49.3   45.6   71.6    126    155    448    680    345    161   84.2   58.1
 11     57.9   48.1   45.6   60.7    124    163    448    714    342    163   84.2   56.8
 12     60.7   46.8   45.6   57.9    114    173    448    632    355    173   82.7   56.8
 13     57.9   46.8   46.8   60.7   99.7    166    440    533    373    155   79.6   56.8
 14     56.5   46.8   44.3   63.6   97.7    190    455    491    380    153   78.1   55.4
 15     56.5   46.8   48.1   70.0   81.5    229    533    508    380    146   79.6   54.4
 16     56.5   45.6   44.3   65.2   92.3    224    520    563    325    144   79.6   53.3
 17     56.5   44.3   43.1   65.2    110    185    436    573    322    142   78.1   54.4
 18     55.0   45.6   45.6   62.2    116    345    444    529    328    138   75.1   54.4
 19     55.0   48.1   49.3   65.2    135    213    504    533    312    136   75.1   54.4
 20     55.0   45.6   50.7   63.6    143    293    440    618    338    130   72.0   54.4
 21     53.6   45.6   50.7   66.8    137    309    406    537    406    123   73.6   54.4
 22     53.6   45.6   55.0   65.2    135    293    417    568    345    121   73.6   54.4
 23     55.0   44.3   59.3   66.8    175    243    409    559    325    115   72.0   54.4
 24     55.0   44.3   56.5   65.2    193    246    369    487    342    115   72.0   54.4
 25     55.0   46.8   57.9   66.8    168    312    373    516    421    115   72.0   53.3
 26     55.0   46.8   56.5   70.0    421    302    355    525    345    114   67.6   53.3
 27     53.6   46.8   53.6   62.2    352    496    380    496    322    112   67.6   53.3
 28     53.6   49.3   55.0   57.9    315    402    373    444    296    108   67.6   53.3
 29     52.2          52.2   62.2    166    618    582    444    299    105   67.6   52.3
 30     53.6          49.3   59.3    154    479    618    444    309    103   63.6   52.3
 31     56.5          49.3           135           618    516           101          52.3

Min     52.2   44.3   43.1   53.6   63.6    133    312    428    296    101   63.6   52.3   43.1
Mean    57.7   48.4   49.7   62.7    142    245    451    542    370    157   79.6   56.4    188
Max      102   56.5   59.3   71.6    421    618    618    714    537    287   99.3   63.6    714

