Station number: 447
Location:       Betrawati                                                         Latitude: 27 58 08
River:          Trishuli                                                         Longitude: 85 11 00

Year:           2004

                                    Mean daily discharge in m3/s
                                    ============================

Day     Jan.   Feb.   Mar.   Apr.   May    Jun.   Jul.   Aug.   Sep.   Oct.   Nov.   Dec.   Year
 01     53.7   45.2   34.0   40.6   61.3    152    372    946    810    431    152   75.0
 02     53.2   44.9   33.6   41.2   54.2    146    397   1010    729    456    139   73.0
 03     52.9   44.4   34.0   42.6   50.6    146    531    951    729    497    127   71.0
 04     51.9   43.9   40.0   43.0   50.4    143    516    969    674    482    110   69.0
 05     51.3   43.1   40.7   44.1   50.2    150    542    884    649    428    113   69.0
 06     50.8   41.4   39.7   44.9   48.3    132    624    943    647    390    111   69.7
 07     50.5   41.2   39.2   45.4   50.3    137    667    876    640    388    109   70.0
 08     50.0   40.0   38.2   44.0   57.3    139    652    934    638    439    108   69.0
 09     48.7   40.2   38.9   44.3   58.2    148    695    926    662    357    103   69.7
 10     49.2   40.6   39.8   44.1   69.9    150    620    901    651    359    100   69.0
 11     48.4   39.6   39.2   46.3   88.0    185    703    915    665    323   96.4   67.1
 12     48.7   39.4   39.8   49.1   81.8    175    560    836    637    398   96.4   67.1
 13     48.9   40.2   40.1   50.4   83.7    189    648    836    601    311   95.2   65.8
 14     47.9   40.0   41.3   47.5   90.9    224    552    788    551    276   94.0   65.8
 15     47.6   39.6   41.4   48.2   98.8    279    596    799    643    255   93.6   64.3
 16     46.8   38.6   41.0   50.2    110    414    632    855    588    245   92.8   65.2
 17     47.9   37.8   41.2   55.6    137    382    709    963    540    238   92.8   64.3
 18     48.7   37.2   43.9   54.3    154    697    771    945    527    235   92.0   64.3
 19     47.6   36.8   46.2   56.5    151    568    832    985    493    225   92.8   63.4
 20     47.3   37.0   48.6   63.1    291    548    722   1010    487    221   88.1   62.5
 21     47.1   36.4   51.3   63.3    214    654    662   1020    473    210   85.8   59.5
 22     48.9   35.4   54.0   65.9    172    773    707    932    521    204   84.3   58.9
 23     48.4   35.4   57.7   57.4    177    583    637    820    450    199   84.3   58.1
 24     48.1   34.0   55.9   53.5    163    504    747    837    448    195   82.9   57.2
 25     58.9   34.8   51.8   50.8    147    436    884    792    422    189   81.4   56.4
 26     49.2   36.0   47.9   50.3    141    389    870    738    423    180   82.5   54.0
 27     49.2   36.6   47.0   66.3    143    366   1030    709    415    176   80.7   54.0
 28     47.3   35.4   42.9   60.4    143    370    971    699    398    176   76.3   53.2
 29     46.3   34.6   42.9   59.0    129    387    957    748    458    181   75.0   54.8
 30     46.3          41.9   58.4    121    388    914    812    415    156   74.7   54.8
 31     45.5          41.2           117           904    737           163          54.0

Min     45.5   34.0   33.6   40.6   48.3    132    372    699    398    156   74.7   53.2   33.6
Mean    49.3   39.0   43.1   51.4    113    332    697    875    566    290   97.1   63.5    268
Max     58.9   45.2   57.7   66.3    291    773   1030   1020    810    497    152   75.0   1030

