Station number: 447
Location:       Betrawati                                                         Latitude: 27 58 08
River:          Trishuli                                                         Longitude: 85 11 00

Year:           1984

                                    Mean daily discharge in m3/s
                                    ============================

Day     Jan.   Feb.   Mar.   Apr.   May    Jun.   Jul.   Aug.   Sep.   Oct.   Nov.   Dec.   Year
 01     63.6   39.0   38.0   40.0   43.0    200    394    636    447    163   91.7   75.4
 02     63.6   38.0   38.0   39.0   39.0    213    394    496    427    157   90.6   73.4
 03     63.6   38.0   37.0   39.0   43.0    243    520    402    379    152   90.6   70.3
 04     63.6   38.0   38.0   38.0   48.1    240    533    364    456    146   90.6   68.3
 05     62.2   38.0   39.0   38.0   56.8    302    504    342    447    143   89.4   68.3
 06     60.8   38.0   39.0   37.0   62.2    338    563    312    524    139   88.3   67.4
 07     59.5   37.0   39.0   37.0   66.3    335    604    292    563    136   88.3   67.4
 08     59.5   38.0   39.0   37.0   70.5    306    689    298    573    130   87.2   66.4
 09     58.1   37.0   38.0   38.0   67.6    284    586    258    410    131   88.3   66.4
 10     56.8   37.0   38.0   37.0   54.4    252    520    328    398    128   87.2   66.4
 11     55.4   38.0   41.0   36.0   58.1    281    613    372    357    125   86.1   65.5
 12     55.4   39.0   41.0   36.0   63.6    309    555    328    357    124   86.1   65.5
 13     54.4   40.0   41.0   36.0   73.6    240    436    332    353    120   85.0   65.5
 14     53.3   40.0   41.0   37.0   89.2    260    394    302    312    118   83.9   64.6
 15     52.3   40.0   40.0   39.0    106    281    369    315    276    117   82.8   64.6
 16     49.2   40.0   41.0   41.0    117    302    413    318    270    117   80.6   64.6
 17     49.2   40.0   41.0   41.0    132    252    529    364    258    115   79.5   63.7
 18     52.3   40.0   43.0   42.0    138    246    613    427    261    113   78.4   63.7
 19     52.3   40.0   40.0   43.0    117    221    471    474    254    109   77.4   63.7
 20     51.2   40.0   39.0   42.0    132    284    487    372    232    108   76.4   62.7
 21     51.2   40.0   38.0   44.0    142    281    504    342    218    102   76.4   62.7
 22     50.2   41.0   38.0   42.0    151    322    563    332    210    102   76.4   62.7
 23     49.2   38.0   38.0   39.0    148    290    529    308    201   99.8   75.4   62.7
 24     49.2   39.0   40.0   37.0    159    325    613    357    195   97.5   76.4   62.7
 25     46.0   38.0   40.0   38.0    166    335    573    387    189   96.4   75.4   61.8
 26     43.0   39.0   41.0   38.0    190    318    646    456    203   95.2   75.4   61.8
 27     40.0   38.0   41.0   49.2    200    299    609    439    195   94.0   75.4   60.9
 28     40.0   38.0   41.0   45.0    221    345    595    447    188   94.0   75.4   59.9
 29     40.0   38.0   40.0   50.2    203    240    642    538    179   95.2   75.4   59.0
 30     39.0          42.0   43.0    183    348    582    548    170   94.0   75.4   59.0
 31     39.0          41.0           178           583    483          92.9          57.3

Min     39.0   37.0   37.0   36.0   39.0    200    369    258    170   92.9   75.4   57.3   36.0
Mean    52.4   38.8   39.7   39.9    113    283    536    386    317    118   82.2   64.7    173
Max     63.6   41.0   43.0   50.2    221    348    689    636    573    163   91.7   75.4    689

