Station number: 447
Location:       Betrawati                                                         Latitude: 27 58 08
River:          Trishuli                                                         Longitude: 85 11 00

Year:           1998

                                    Mean daily discharge in m3/s
                                    ============================

Day     Jan.   Feb.   Mar.   Apr.   May    Jun.   Jul.   Aug.   Sep.   Oct.   Nov.   Dec.   Year
 01     50.2   40.0   40.0   45.6   94.7    210    853    539    728    332    100   59.6
 02     49.0   40.0   39.8   46.2    101    203    920    584    866    365   99.8   58.4
 03     49.0   39.6   39.4   47.6    129    215    900    784    682    381   99.8   57.5
 04     48.0   39.2   40.2   46.0    126    243    768    721    659    293   96.1   57.3
 05     49.2   40.0   41.0   47.2    116    193    932    874    631    262   92.7   58.4
 06     48.4   38.6   41.8   47.6    134    171    916    913    594    228   90.0   57.5
 07     49.0   38.8   42.0   47.6    139    167    968    918    502    216   87.3   57.0
 08     47.0   38.6   40.4   60.3    121    214    978    892    453    204   79.6   58.2
 09     47.8   39.6   40.0   50.4    101    219    831    960    485    183   72.0   57.0
 10     46.8   38.2   40.8   48.4   94.5    240    539   1060    420    179   66.8   56.8
 11     46.6   38.2   40.2   49.2   73.1    258    497   1300    403    174   68.1   54.5
 12     45.8   37.8   40.2   52.0   70.4    248    520   1140    372    177   64.7   55.0
 13     45.8   41.4   39.2   51.0   70.7    254    522   1050    351    174   63.6   52.2
 14     45.4   42.0   38.6   50.0   88.1    255    634    977    346    167   62.4   53.2
 15     45.0   41.2   39.0   51.2   89.4    204    815    986    366    163   63.3   53.6
 16     44.2   42.0   39.0   52.6   94.1    209    764    926    331    156   59.6   53.2
 17     43.8   41.6   39.6   48.4    111    224    827    882    310    146   67.4   53.2
 18     43.4   41.0   38.6   53.9    135    263    834    947    313    135   73.1   52.8
 19     43.2   40.4   39.6   57.3    129    286   1010    955    343    151   73.1   52.2
 20     42.6   40.8   39.8   67.7    141    310    987    851    357    128   70.4   51.8
 21     42.0   40.4   41.0   61.5    175    467    888   1090    410    126   67.8   51.6
 22     41.4   39.8   44.2   65.4    202    522    825    871    327    122   66.1   51.0
 23     41.0   39.6   48.4   62.4    228    467    739    888    291    121   64.5   50.2
 24     41.2   40.4   45.2   63.1    214    543    658    907    283    120   65.4   50.4
 25     41.4   43.2   42.8   63.8    224    479    568    847    291    119   64.3   49.8
 26     41.8   42.0   40.8   67.6    212    688    537    716    283    112   63.8   48.4
 27     40.8   41.2   41.8   74.1    249    829    725    737    277    106   63.1   49.0
 28     41.4   39.8   42.4   80.5    256    608    498    737    360    105   62.6   49.8
 29     42.6          44.4   82.7    272    726    550    623    315    104   61.0   50.2
 30     41.2          58.7   81.7    230    600    738    635    295    102   59.8   49.2
 31     40.4          46.4           222           662    709           101          48.0

Min     40.4   37.8   38.6   45.6   70.4    167    497    539    277    101   59.6   48.0   37.8
Mean    44.7   40.2   41.8   57.4    150    350    755    871    421    176   72.9   53.5    253
Max     50.2   43.2   58.7   82.7    272    829   1010   1300    866    381    100   59.6   1300

