Station number: 447
Location:       Betrawati                                                         Latitude: 27 58 08
River:          Trishuli                                                         Longitude: 85 11 00

Year:           1997

                                    Mean daily discharge in m3/s
                                    ============================

Day     Jan.   Feb.   Mar.   Apr.   May    Jun.   Jul.   Aug.   Sep.   Oct.   Nov.   Dec.   Year
 01     52.4   47.4   44.4   45.2   58.9   81.1    501    597    448    204   74.7   60.8
 02     52.4   46.6   44.2   46.0   63.3   79.0    412    607    417    169   73.1   59.4
 03     53.0   47.0   45.4   45.4   59.8   72.8    507    506    401    173   74.1   58.0
 04     53.0   46.4   44.8   48.4   59.6   68.9    504    531    375    157   72.5   57.0
 05     53.0   47.0   44.0   48.0   60.8   77.3    789    663    426    143   73.3   56.3
 06     52.4   46.8   43.8   45.0   56.3   90.3    578    614    467    141   71.7   55.4
 07     51.8   46.4   43.4   43.2   58.9   99.1    594    555    477    134   70.1   55.2
 08     51.8   46.4   43.4   43.4   60.5    106    810    873    469    127   70.7   54.1
 09     51.6   45.2   44.0   42.8   59.6    112    683    565    420    131   70.4   55.5
 10     51.2   45.2   43.8   46.2   55.2    161    708    569    401    127   68.6   89.4
 11     51.0   44.6   44.8   45.4   56.3    136    548    560    385    124   67.6   66.2
 12     50.6   44.6   46.2   45.0   60.8    141    606    932    498    111   67.1   61.0
 13     49.8   44.2   44.6   45.4   65.0    135    661    684    552    111   66.1   58.0
 14     48.8   45.2   44.2   50.6   70.6    142    849    721    448    110   65.7   60.8
 15     48.8   45.2   43.4   52.2   75.1    175    640    670    454    104   66.6   58.7
 16     48.6   44.6   42.4   51.4   82.9    196    591    601    431    106   64.5   56.3
 17     48.4   44.2   43.4   49.4   61.7    180    486    906    445    102   63.3   55.2
 18     47.8   44.4   43.6   48.0   64.0    196    506    744    381   99.4   64.3   53.7
 19     47.4   44.6   45.8   47.2   71.7    153    482    648    361   97.8   68.6   54.5
 20     54.8   44.0   46.4   48.2   73.9    155    507    591    344   94.5   66.9   54.8
 21     49.2   44.8   44.8   45.4   67.9    168    482    473    326   92.7   63.3   55.4
 22     48.4   44.4   43.6   47.0   74.2    203    466    434    313   86.7   61.0   54.1
 23     47.8   43.8   41.2   48.4   76.4    260    518    482    291   79.0   62.4   52.6
 24     48.0   43.6   41.2   49.4   78.5    276    555    410    265   92.0   60.1   52.0
 25     47.4   44.4   41.2   56.1   73.3    271    465    403    267   85.5   61.5   52.0
 26     47.2   43.4   41.8   52.6   67.9    403    521    332    239   83.3   66.4   51.2
 27     46.4   44.6   41.0   54.1   64.5    506    461    366    250   82.9   61.2   50.8
 28     46.0   46.4   42.0   57.0   75.9    545    528    335    247   81.1   58.0   51.2
 29     46.2          43.4   60.1   94.5    597    520    378    224   79.9   56.8   51.8
 30     46.0          47.2   62.6   90.0    609    645    364    208   81.4   57.5   50.4
 31     46.4          43.4          81.1           631    415          79.0          50.6

Min     46.0   43.4   41.0   42.8   55.2   68.9    412    332    208   79.0   56.8   50.4   41.0
Mean    49.6   45.2   43.8   49.0   68.4    213    573    565    374    113   66.3   56.5    185
Max     54.8   47.4   47.2   62.6   94.5    609    849    932    552    204   74.7   89.4    932

