Station number: 447
Location:       Betrawati                                                         Latitude: 27 58 08
River:          Trishuli                                                         Longitude: 85 11 00

Year:           1983

                                    Mean daily discharge in m3/s
                                    ============================

Day     Jan.   Feb.   Mar.   Apr.   May    Jun.   Jul.   Aug.   Sep.   Oct.   Nov.   Dec.   Year
 01     52.3   41.0   42.0   40.0   49.2    127    362    380    471    269    132   89.2
 02     53.3   40.0   42.0   44.0   49.2    134    369    380    459    252    130   87.6
 03     50.2   39.0   41.0   43.0   49.2    159    366    348    425    272    123   85.9
 04     50.2   39.0   41.0   41.0   54.4    168    406    352    475    254    121   78.1
 05     50.2   39.0   40.0   41.0   58.1    180    318    355    448    229    119   76.6
 06     49.2   39.0   40.0   44.0   49.2    157    272    406    459    210    127   73.6
 07     49.2   39.0   40.0   43.0   56.8    159    263    373    525    205    125   72.0
 08     49.2   39.0   42.0   43.0   54.4    151    246    376    516    200    119   70.5
 09     48.1   38.0   43.0   40.0   55.4    146    249    391    459    229    115   70.5
 10     47.1   38.0   43.0   41.0   64.9    114    290    425    417    252    112   69.0
 11     47.1   38.0   44.0   44.0   58.1   99.3    249    406    369    312    110   67.6
 12     47.1   38.0   43.0   42.0   67.6   99.3    240    491    331    328    106   66.3
 13     47.1   40.0   43.0   45.0   60.8   94.3    254    563    322    309    105   66.3
 14     46.0   42.0   43.0   43.0   67.6    105    275    537    328    254    101   64.9
 15     46.0   42.0   43.0   41.0    110    110    272    496    331    260    101   66.3
 16     44.0   42.0   45.0   41.0   81.2    114    263    508    342    218   99.3   64.9
 17     45.0   41.0   43.0   41.0   79.6    130    421    542    394    221   99.3   64.9
 18     45.0   41.0   42.0   41.0   79.6    132    287    573    348    195   97.6   64.9
 19     44.0   41.0   43.0   43.0   79.6    130    359    529    483    161   94.3   63.6
 20     44.0   41.0   43.0   42.0   90.9    144    391    479    479    144   92.6   63.6
 21     43.0   41.0   41.0   41.0   89.2    173    413    432    394    134   90.9   60.8
 22     43.0   42.0   42.0   41.0   96.0    173    436    421    352    130   87.6   58.1
 23     44.0   43.0   41.0   45.0    117    178    398    471    373    127   84.2   58.1
 24     42.0   42.0   41.0   46.0   97.6    180    413    455    428    123   85.9   59.5
 25     41.0   41.0   42.0   50.2   87.6    161    352    463    366    121   85.9   55.4
 26     42.0   41.0   43.0   48.1   82.7    159    428    436    352    119   89.2   54.4
 27     42.0   41.0   42.0   52.3   84.2    266    459    444    328    125   90.9   56.8
 28     43.0   41.0   41.0   53.3   90.9    342    455    406    296    127   87.6   59.5
 29     43.0          41.0   49.2    108    362    417    455    281    144   89.2   62.2
 30     42.0          41.0   58.1    114    296    394    512    266    140   87.6   63.6
 31     42.0          41.0           110           384    483           134          63.6

Min     41.0   38.0   40.0   40.0   49.2   94.3    240    348    266    119   84.2   54.4   38.0
Mean    45.8   40.3   42.0   44.2   77.2    165    345    448    394    200    104   67.0    164
Max     53.3   43.0   45.0   58.1    117    362    459    573    525    328    132   89.2    573

