Station number: 447
Location:       Betrawati                                                         Latitude: 27 58 08
River:          Trishuli                                                         Longitude: 85 11 00

Year:           1993

                                    Mean daily discharge in m3/s
                                    ============================

Day     Jan.   Feb.   Mar.   Apr.   May    Jun.   Jul.   Aug.   Sep.   Oct.   Nov.   Dec.   Year
 01     54.8   46.9   43.3   41.0   94.9    168    476    766    589    369    117   68.7
 02     55.3   46.9   43.8   40.5    127    179    447   1220    525    370    114   71.0
 03     52.5   46.7   42.4   39.8    140    146    351    817    582    337    111   68.7
 04     53.1   46.7   42.8   41.7    142    164    370    975    594    311    109   68.6
 05     52.2   45.9   41.7   42.3    155    173    350   1040    763    312    108   67.4
 06     52.2   45.6   42.1   42.6    150    172    351   1040    778    299    105   68.0
 07     55.0   46.9   41.7   44.9    121    187    350    894    567    290    103   67.7
 08     54.2   47.2   41.7   43.3    154    187    415    920    545    276   99.8   67.1
 09     51.6   48.7   41.9   52.0    126    185    442   1030    567    269   97.9   65.8
 10     52.2   49.7   41.9   44.6   99.5    152    513   1840    563    261   96.7   64.9
 11     53.1   49.2   41.7   47.9    100    165    487    896    561    253   95.6   64.0
 12     53.6   49.5   41.2   45.1   87.6    198    517    811    519    243   94.4   63.3
 13     52.2   48.7   41.4   48.7   82.8    226    450    768    464    233   94.4   62.7
 14     50.8   47.2   41.9   48.4   79.2    238    672    742    498    227   93.3   62.1
 15     50.0   47.4   41.9   51.4   79.1    224    635    769    467    216   93.7   61.8
 16     49.7   48.7   41.9   54.2   88.7    248    646    776    482    211   92.9   61.8
 17     50.2   49.0   41.9   57.9    106    279    762    857    491    209   92.1   60.2
 18     49.7   48.7   41.9   55.9    120    291    580    750    441    203   90.9   60.2
 19     49.2   49.1   40.7   52.2   92.5    334    597    866    407    191   88.3   60.2
 20     48.4   47.0   38.0   57.9   83.5    266    540    799    413    185   85.4   59.9
 21     47.7   44.1   39.1   55.6   79.6    247    491    838    385    170   82.8   58.4
 22     47.7   43.3   39.6   58.7   82.5    264    550    751    466    158   73.4   57.6
 23     47.7   43.1   44.9   80.2   83.9    301    466    692    476    157   69.0   56.7
 24     47.7   43.8   40.5   70.1    115    405    474    672    514    154   67.4   56.7
 25     47.9   43.8   40.7   66.4    110    412    581    813    750    151   67.4   56.2
 26     47.7   44.1   45.2   64.3    119    341    575    667    526    143   67.4   55.0
 27     48.2   44.1   39.1   65.8    141    416    571    566    473    136   67.4   55.0
 28     48.2   43.8   43.1   78.2    104    367    935    628    457    131   66.8   54.5
 29     47.9          42.9   93.7    108    390    840    572    420    129   66.1   53.9
 30     47.7          42.1   85.7    125    345    845    570    390    123   65.5   54.2
 31     48.2          41.7           127           691    592           118          53.3

Min     47.7   43.1   38.0   39.8   79.1    146    350    566    385    118   65.5   53.3   38.0
Mean    50.5   46.6   41.8   55.7    110    256    547    837    522    220   89.2   61.5    237
Max     55.3   49.7   45.2   93.7    155    416    935   1840    778    370    117   71.0   1840

