Station number: 447
Location:       Betrawati                                                         Latitude: 27 58 08
River:          Trishuli                                                         Longitude: 85 11 00

Year:           2003

                                    Mean daily discharge in m3/s
                                    ============================

Day     Jan.   Feb.   Mar.   Apr.   May    Jun.   Jul.   Aug.   Sep.   Oct.   Nov.   Dec.   Year
 01     52.1   51.9   41.4   51.3   61.9    215    633   1020    893    394    148   78.1
 02     57.2   45.2   41.6   50.8   63.4    198    450   1050   1100    365    146   76.0
 03     54.8   43.6   41.4   54.0   65.2    203    614    916    905    353    140   72.0
 04     52.4   43.3   40.8   52.1   70.0    229    625    842   1010    308    144   71.7
 05     51.3   41.8   39.0   51.9   62.5    222    597    791   1090    298    138   71.0
 06     50.8   41.4   40.2   50.0   60.4    175    511    770   1070    294    135   70.7
 07     50.5   41.4   39.6   51.1   57.8    127    578    756    882    284    131   70.0
 08     49.7   40.8   39.4   51.1   56.4    180    678    890    801    286    120   71.0
 09     49.7   40.6   37.6   49.2   56.7    178    935    737    781    287    122   70.7
 10     48.9   38.8   38.2   48.4   54.8    209    715    680    749    267    116   70.0
 11     48.4   38.4   37.0   52.1   54.3    279    674    765    677    253    113   69.0
 12     47.6   37.6   37.0   51.9   59.6    225    602    797    652    249    103   68.0
 13     46.5   37.8   39.6   56.1   72.0    238    660    907    757    234    100   68.0
 14     45.7   37.8   38.8   64.8   81.1    211    577    907    765    230   96.8   67.0
 15     45.7   38.4   39.2   55.9   75.0    188    735    935    901    222   93.2   67.0
 16     45.7   39.0   40.2   60.1   73.7    209    718   1070    852    218   93.6   64.3
 17     45.7   38.8   39.6   62.5   82.9    212    882    886    683    218   92.8   63.4
 18     46.5   38.2   39.6   59.9   92.5    279   1090   1380    665    212   89.2   62.5
 19     46.5   52.2   39.6   71.3   84.1    303    925   1040    617    209   86.5   61.9
 20     45.7   40.8   39.6   74.2   83.6    331    909    993    619    196   84.3   61.6
 21     45.7   41.0   39.4   65.9   75.4    404    934    805    607    191   83.6   61.3
 22     45.7   40.2   39.0   58.4   82.9    494    757    781    630    187   81.4   57.2
 23     45.2   41.4   41.4   60.1   77.1    497    750    757    590    180   80.7   56.9
 24     45.2   41.2   42.3   62.2   91.3    627    703    760    625    183   80.3   56.7
 25     44.4   41.2   55.8   61.6    101    407    601    715    526    174   79.2   54.3
 26     44.4   41.0   45.2   59.8    102    390    640    908    496    168   81.0   55.6
 27     44.1   41.4   44.4   60.1    115    470    642    853    466    165   77.4   54.3
 28     44.1   41.2   42.1   62.2    125    538    673    753    434    159   78.8   58.3
 29     46.3          45.2   63.4    132    636    661    824    405    156   79.6   56.1
 30     44.4          44.4   61.3    169    555    711    810    401    150   79.2   54.8
 31     45.2          53.2           177          1200    835           148          54.0

Min     44.1   37.6   37.0   48.4   54.3    127    450    680    401    148   77.4   54.0   37.0
Mean    47.6   41.3   41.3   57.8   84.3    314    722    869    722    234    103   64.3    275
Max     57.2   52.2   55.8   74.2    177    636   1200   1380   1100    394    148   78.1   1380

