Station number: 447
Location:       Betrawati                                                         Latitude: 27 58 08
River:          Trishuli                                                         Longitude: 85 11 00

Year:           1982

                                    Mean daily discharge in m3/s
                                    ============================

Day     Jan.   Feb.   Mar.   Apr.   May    Jun.   Jul.   Aug.   Sep.   Oct.   Nov.   Dec.   Year
 01     52.3   48.1   53.3   84.2   89.2    148    173    504    487    173    101   67.6
 02     51.2   47.1   54.4   89.2   90.9    193    193    459    421    171   99.3   67.6
 03     51.2   47.1   53.3   79.6   90.9    188    218    432    402    163   99.3   66.3
 04     51.2   46.0   52.3   75.1   89.2    188    284    459    432    163   99.3   66.3
 05     51.2   46.0   52.3   75.1   89.2    210    342    520    398    161   97.6   66.3
 06     50.2   46.0   51.2   76.6   85.9    218    269    459    394    159   97.6   66.3
 07     51.2   46.0   50.2   76.6   84.2    260    218    448    440    155   96.0   63.6
 08     50.2   45.0   50.2   78.1   82.7    213    249    496    391    151   94.3   63.6
 09     50.2   45.0   51.2   78.1   82.7    243    226    483    384    151    103   63.6
 10     50.2   44.0   51.2   79.6   84.2    246    234    455    369    146   97.6   62.2
 11     49.2   44.0   50.2   81.2   84.2    232    246    520    409    144   92.6   62.2
 12     49.2   44.0   50.2   82.7   82.7    215    224    479    452    138   90.9   62.2
 13     50.2   44.0   51.2   82.7   84.2    240    213    471    577    134   90.9   62.2
 14     49.2   43.0   51.2   79.6   82.7    254    376    452    452    130   87.6   60.8
 15     49.2   44.0   50.2   76.6   81.2    275    366    467    417    125   85.9   60.8
 16     48.1   45.0   51.2   76.6   79.6    335    391    425    384    123   85.9   59.5
 17     48.1   44.0   53.3   82.7   79.6    315    391    491    366    121   84.2   59.5
 18     48.1   44.0   70.5   84.2   79.6    240    398    491    352    117   82.7   59.5
 19     48.1   43.0   72.0   84.2   78.1    198    444    516    380    115   81.2   59.5
 20     47.1   43.0   72.0   85.9   78.1    185    366    512    342    114   79.6   58.1
 21     48.1   43.0   73.6   85.9   76.6    175    448    573    315    112   78.1   58.1
 22     47.1   45.0   73.6   85.9   76.6    180    455    646    331    110   76.6   58.1
 23     47.1   46.0   75.1   85.9   76.6    208    508    533    309    106   73.6   56.8
 24     47.1   47.1   76.6   87.6   78.1    237    512    600    281    103   72.0   55.4
 25     46.0   49.2   76.6   87.6   82.7    208    520    555    257    101   72.0   54.4
 26     47.1   49.2   76.6   87.6   97.6    159    483    609    232    101   70.5   54.4
 27     48.1   50.2   78.1   87.6    101    146    508    661    203    101   70.5   54.4
 28     48.1   51.2   78.1   87.6    110    155    573    714    188    101   70.5   54.4
 29     48.1          76.6   87.6    127    142    550    600    183    101   69.0   54.4
 30     47.1          78.1   87.6    138    153    516    542    173    101   69.0   52.3
 31     48.1          82.7           136           555    546           101          52.3

Min     46.0   43.0   50.2   75.1   76.6    142    173    425    173    101   69.0   52.3   43.0
Mean    49.0   45.7   62.5   82.7   89.7    212    369    520    357    129   85.6   60.1    172
Max     52.3   51.2   82.7   89.2    138    335    573    714    577    173    103   67.6    714

