Station number: 447
Location:       Betrawati                                                         Latitude: 27 58 08
River:          Trishuli                                                         Longitude: 85 11 00

Year:           1979

                                    Mean daily discharge in m3/s
                                    ============================

Day     Jan.   Feb.   Mar.   Apr.   May    Jun.   Jul.   Aug.   Sep.   Oct.   Nov.   Dec.   Year
 01     63.6   43.0   40.0   42.0   97.6    106    487    573    384    178    104   78.1
 02     62.2   43.0   40.0   43.0   99.3    115    504    555    406    168    102   70.0
 03     62.2   43.0   41.0   44.0    110    112    394    542    417    180    102   68.4
 04     62.2   42.0   42.0   44.0   97.6    112    318    475    391    188    102   66.8
 05     60.8   43.0   44.0   45.0    105    108    275    366    369    178    102   63.6
 06     59.5   42.0   45.0   45.0   99.3    110    254    290    342    173   99.7   62.2
 07     58.1   43.0   46.0   47.1    108    112    213    293    325    166   95.9   60.7
 08     56.8   43.0   44.0   48.1    108    115    315    306    322    159   95.9   60.7
 09     56.8   54.4   44.0   49.2    105    140    366    290    328    173   92.3   59.3
 10     55.4   46.0   44.0   52.3    101    193    287    373    345    171   94.1   57.9
 11     55.4   45.0   43.0   54.4    101    275    315    448    338    198   90.5   57.9
 12     56.8   43.0   44.0   53.3   96.0    246    362    496    302    173   90.5   56.5
 13     55.4   42.0   45.0   52.3    101    272    366    487    275    154   88.7   56.5
 14     55.4   42.0   45.0   49.2    110    290    376    533    260    148   88.7   55.0
 15     55.4   42.0   45.0   51.2    125    249    373    520    249    143   86.9   53.6
 16     54.4   42.0   44.0   51.2    138    148    402    409    252    139   83.3   53.6
 17     53.3   42.0   43.0   49.2    130    117    406    459    237    131   81.5   53.6
 18     53.3   43.0   43.0   51.2    130    132    479    479    229    126   81.5   50.7
 19     49.2   42.0   43.0   51.2    121    168    546    456    221    124   81.5   52.2
 20     49.2   42.0   43.0   54.4    115    163    440    675    213    126   83.3   52.2
 21     48.1   43.0   43.0   53.3    110    208    432    582    198    124   83.3   50.7
 22     48.1   42.0   42.0   55.4    108    175    512    487    193    122   81.5   50.7
 23     48.1   42.0   43.0   58.1   99.3    312    508    500    180    120   79.7   49.3
 24     47.1   42.0   43.0   60.8   94.3    195    924    428    183    118   76.5   49.3
 25     46.0   41.0   44.0   63.6   92.6    175    479    475    183    116   76.5   49.3
 26     46.0   41.0   44.0   66.3   89.2    278    459    467    183    116   74.9   48.1
 27     47.1   41.0   45.0   67.6   87.6    359    508    463    173    110   76.5   48.1
 28     47.1   40.0   43.0   66.3   84.2    335    573    417    168    112   76.5   49.3
 29     49.2          43.0   94.3   81.2    221    704    369    166    108   73.3   49.3
 30     45.0          43.0   76.6   96.0    402    542    384    171    108   83.3   50.7
 31     44.0          43.0           101           595    394           106          50.7

Min     44.0   40.0   40.0   42.0   81.2    106    213    290    166    106   73.3   48.1   40.0
Mean    53.3   42.8   43.4   54.7    105    198    442    451    267    144   87.6   56.0    162
Max     63.6   54.4   46.0   94.3    138    402    924    675    417    198    104   78.1    924

