Station number: 447
Location:       Betrawati                                                         Latitude: 27 58 08
River:          Trishuli                                                         Longitude: 85 11 00

Year:           2002

                                    Mean daily discharge in m3/s
                                    ============================

Day     Jan.   Feb.   Mar.   Apr.   May    Jun.   Jul.   Aug.   Sep.   Oct.   Nov.   Dec.   Year
 01     72.0   60.1   45.2   43.6   90.4    162    595    715    590    347    119   72.7
 02     71.0   60.1   43.6   45.7   91.6    181    730    830    558    333    110   71.0
 03     70.7   59.8   43.6   47.9   95.2    177    689    860    554    323    103   71.7
 04     69.7   59.2   43.1   46.3   90.4    176    774    763    704    300    101   71.0
 05     69.3   58.9   43.1   48.7    110    192    742    838    743    298   98.8   70.0
 06     69.3   59.5   42.3   55.6    119    174    684    814    733    286   99.6   69.7
 07     69.0   59.5   42.0   90.1    121    188    598    786    633    270   98.8   66.1
 08     68.0   59.5   42.3   94.0    120    218    557    620    570    268   97.2   65.8
 09     67.3   60.4   42.3   97.2    154    239    545    686    533    263   94.0   64.3
 10     66.1   59.5   42.0   88.1    247    264    539    676    514    245   92.8   63.4
 11     64.6   58.9   42.0   81.0    161    323    579    750    503    231   89.2   64.0
 12     64.3   58.0   42.0   76.0    164    315    595    862    527    232   89.2   62.5
 13     63.7   58.9   42.0   77.1    190    306    517    788    482    212   94.8   62.5
 14     62.8   59.4   42.8   82.9    238    301    521    791    448    203   86.9   61.9
 15     62.5   59.2   42.0   82.1    224    336    569    958    421    198   86.9   62.5
 16     78.0   58.3   42.0   95.2    257    458    628    763    412    176   84.7   62.2
 17     69.3   58.3   41.8    111    251    326    497    826    432    185   82.5   61.6
 18     66.1   57.7   43.1    127    421    335    490    990    426    181   83.6   61.3
 19     66.1   56.4   44.4    110    431    331    611    814    411    182   83.6   59.5
 20     64.6   54.3   43.3    124    423    338    736   1210    380    176   80.7   58.9
 21     63.4   53.5   43.3    119    389    416    743   1310    368    170   78.1   58.6
 22     61.6   53.2   43.1    111    169    375    753   1400    409    165   78.1   57.8
 23     60.7   51.3   44.4    109    162    332    802   1090    364    163   78.1   56.4
 24     61.0   50.3   46.3    106    147    413    763    988    381    157   78.8   56.9
 25     60.7   49.2   47.6    106    168    438    847    879    383    156   78.1   55.6
 26     58.9   48.1   48.1    113    163    539    673    812    641    153   76.0   53.7
 27     59.2   47.9   46.3   97.2    168    606    587    727    545    146   75.7   54.0
 28     60.7   46.8   44.3   95.6    161    515    791    704    438    143   75.0   54.5
 29     60.7          43.9   90.1    164    513    673    730    394    133   74.0   53.7
 30     60.7          40.2   86.9    154    492    603    639    371    125   73.7   52.9
 31     59.2          41.0           153           686    612           123          53.2

Min     58.9   46.8   40.2   43.6   90.4    162    490    612    364    123   73.7   52.9   40.2
Mean    65.2   56.3   43.3   88.6    193    333    649    846    496    211   88.0   61.6    261
Max     78.0   60.4   48.1    127    431    606    847   1400    743    347    119   72.7   1400

