Station number: 450
Location:       Narayan Ghat                                                      Latitude: 27 42 30
River:          Narayani                                                         Longitude: 84 25 50

Year:           1966

                                    Mean daily discharge in m3/s
                                    ============================

Day     Jan.   Feb.   Mar.   Apr.   May    Jun.   Jul.   Aug.   Sep.   Oct.   Nov.   Dec.   Year
 01      429    328    296    255    379    726   2440   6130   6440   1720    936    600
 02      429    324    285    259    393    780   2790   6070   5980   1700    929    589
 03      433    324    281    248    433    774   3300   5310   5360   1640    929    583
 04      447    320    293    244    462    869   3030   4590   4980   1580    895    578
 05      511    320    300    244    471    750   2350   5500   4560   1610    895    567
 06      462    324    289    266    541    744   2200   5790   4160   1640    882    567
 07      433    320    277    285    573    744   2280   5070   4030   1620    875    557
 08      420    316    262    266    578    774   2110   4440   3790   1520    869    552
 09      411    328    259    251    526    895   2040   4680   4200   1490    862    541
 10      402    333    259    244    491    915   2320   4760   3790   1450    875    536
 11      397    312    262    237    557    902   2820   4570   3520   1420    849    526
 12      393    304    262    234    471    956   4620   5180   3690   1380    818    521
 13      388    328    262    234    402    963   4620   4970   3360   1350    799    516
 14      379    486    269    266    362   1130   4050   5100   3120   1310    780    516
 15      375    388    269    308    379   1030   3270   5050   3190   1270    768    516
 16      371    345    266    328    424    922   2720   4270   3220   1230    774    511
 17      371    328    255    328    462    902   3190   4090   3000   1220    768    491
 18      362    316    244    300    481    949   3030   3870   2700   1210    744    481
 19      357    312    248    281    486   1350   2700   3700   2550   1190    732    481
 20      353    312    259    262    486   1320   2760   3620   2440   1220    714    476
 21      353    308    248    269    506   1220   3090   3610   2330   1210    702    476
 22      353    304    244    320    628   1210   3570   4820   2290   1170    702    471
 23      349    300    244    328    644   1710   3660   5380   2180   1140    696    471
 24      345    296    255    300    656   1880   3860   7980   2070   1120    679    476
 25      341    300    277    285    793   2030   4100   6750   1980   1090    673    471
 26      337    304    304    300    750   2380   4440   5070   1930   1050    667    462
 27      357    308    320    362    732   2380   4100   5720   1900   1020    656    447
 28      371    316    308    341    667   2280   4540   5910   1840    998    633    447
 29      349           269    353    726   2260   4620   5570   1790    977    628    452
 30      341           255    366    744   2310   4560   7170   1770    963    611    452
 31      333           244           685          5000   7360           943           442

Min      333    296    244    234    362    726   2040   3610   1770    943    611    442    234
Mean     386    325    270    285    545   1270   3360   5230   3270   1300    778    509   1460
Max      511    486    320    366    793   2380   5000   7980   6440   1720    936    600   7980

