Station number: 450
Location:       Narayan Ghat                                                      Latitude: 27 42 30
River:          Narayani                                                         Longitude: 84 25 50

Year:           1995

                                    Mean daily discharge in m3/s
                                    ============================

Day     Jan.   Feb.   Mar.   Apr.   May    Jun.   Jul.   Aug.   Sep.   Oct.   Nov.   Dec.   Year
 01      328    261    258    294    652   1220   6050   4660   3510   1940    915    603
 02      326    260    247    258    551   1320   5370   4990   3250   1870    901    610
 03      321    260    239    256    523   1460   5180   4780   3110   1910    838    578
 04      319    255    245    241    458   1540   3990   5010   3330   1900    820    571
 05      320    252    228    235    433   1770   3670   3990   4400   2220    824    559
 06      321    261    246    234    404   1930   3870   3890   3950   1730    811    560
 07      302    251    242    226    446   2040   5940   4640   3880   1610    827    557
 08      311    245    244    243    539   1990   5550   5280   3550   1570    782    541
 09      326    244    237    241    544   2020   4600   4870   3400   1510    751    550
 10      338    261    228    283    712   2370   5670   4310   2980   1480    983    525
 11      328    259    228    313    782   2580   9880   4040   2790   1550   2260    530
 12      316    250    221    326    862   2480   7990   3710   2610   1560   1510    530
 13      321    254    229    295   1040   3170   6640   4660   2430   1530   1130    479
 14      315    252    220    281   1230   2890   6650   5130   2490   1540   1030    501
 15      310    256    218    265   1130   2440   5430   4450   2340   1440    922    491
 16      311    290    221    273   1730   2090   4630   4290   2280   1390    901    496
 17      307    266    223    274   2070   2820   5140   4070   2270   1360    860    476
 18      307    261    225    281   2650   4210   5660   4130   2450   1400    829    463
 19      305    256    218    327   1990   4220   5040   3930   2300   1270    815    466
 20      296    239    222    341   1650   4300   5680   5400   2150   1210    773    451
 21      300    245    230    325   1380   3840   4600   4690   2160   1160    734    457
 22      301    236    229    297   1230   3630   4480   4120   2330   1140    734    433
 23      289    251    242    306    995   3200   3670   3990   2110   1080    721    412
 24      277    298    269    342    867   7910   3500   4580   2190   1070    698    422
 25      284    271    294    359    844   6040   3270   4550   2740   1020    682    408
 26      278    262    336    381    862   4460   3200   4310   2340   1030    655    436
 27      293    261    498    427    995   4010   4820   4660   2080    987    661    419
 28      281    263    492    513   1130   3380   3750   4290   2240    990    639    385
 29      268           369    560   1230   5350   3700   4550   2280    969    632    388
 30      261           349    682   1220   5900   3630   5230   2080    969    620    392
 31      265           329          1220          4070   4390           957           369

Min      261    236    218    226    404   1220   3200   3710   2080    957    620    369    218
Mean     304    258    267    323   1040   3220   5010   4500   2730   1400    875    486   1700
Max      338    298    498    682   2650   7910   9880   5400   4400   2220   2260    610   9880

