Station number: 450
Location:       Narayan Ghat                                                      Latitude: 27 42 30
River:          Narayani                                                         Longitude: 84 25 50

Year:           1978

                                    Mean daily discharge in m3/s
                                    ============================

Day     Jan.   Feb.   Mar.   Apr.   May    Jun.   Jul.   Aug.   Sep.   Oct.   Nov.   Dec.   Year
 01      385    272    258    328    645   1700   4180   7150   2860   2570   1270    685
 02      368    258    252    279    663   1530   3800   7150   2750   2350   1250    720
 03      389    265    258    276    731   1480   3840   6310   2650   2250   1290    793
 04      380    262    255    279    925   1390   3600   6200   3000   2150   1260    744
 05      380    249    265    272    699   1400   3860   6750   3100   2290   1260    673
 06      376    252    258    279    838   1620   5400   5980   3000   3070   1220    691
 07      376    255    245    279    852   1760   4810   5200   3190   2670   1180    662
 08      364    294    239    279    811   2180   6680   6090   3300   2350   1160    650
 09      360    287    235    297    895   2530   5670   7800   3340   2230   1130    656
 10      347    276    242    320   1010   2490   5350   5950   3390   2130   1130    673
 11      343    265    258    335    925   2320   4700   7680   3670   2030   1150    594
 12      335    265    312    331    838   1860   5300   7960   3030   1980    936    567
 13      335    265    394    339    867   1860   5550   6640   3290   1920    915    546
 14      355    272    309    513   1000   1910   5160   5180   4530   1870    909    578
 15      343    265    287    604   1380   2240   5220   4450   3880   1830    909    594
 16      335    265    279    555   1690   2190   8500   4030   3480   1750    849    578
 17      324    272    272    565   1580   2230   5550   4340   3220   1740    843    562
 18      316    301    339    645   1440   2570   5330   4750   3000   1700    830    562
 19      309    347    394    604   1320   3140   4590   4620   3910   1670    805    546
 20      301    324    331    544   1280   2910   4940   4100   3280   1630    662    541
 21      294    294    279    444   1350   2520   5100   3800   2860   1580    732    541
 22      290    265    272    416   1520   3130   4680   3970   2710   1660    818    541
 23      339    265    287    407   1430   3130   5380   4400   2380   1570    793    536
 24      328    265    294    416   1280   3270   5230   4160   2560   1470    805    516
 25      309    265    272    453   1060   3600   5670   3980   2610   1460    756    531
 26      305    258    276    458   1170   3780   4480   3930   2610   1510    756    521
 27      301    262    269    434   1350   3480   4160   3570   3050   1380    805    511
 28      294    252    265    472   1380   3780   5950   3230   3100   1420    732    491
 29      279           265    604   1600   4270   6420   3060   2750   1400    714    491
 30      294           283    523   1210   5020   5450   2880   2660   1430    714    491
 31      309           316          1440          5300   3010          1320           486

Min      279    249    235    272    645   1390   3600   2880   2380   1320    662    486    235
Mean     334    273    283    418   1130   2580   5160   5110   3110   1880    953    589   1820
Max      389    347    394    645   1690   5020   8500   7960   4530   3070   1290    793   8500

