Station number: 450
Location:       Narayan Ghat                                                      Latitude: 27 42 30
River:          Narayani                                                         Longitude: 84 25 50

Year:           1984

                                    Mean daily discharge in m3/s
                                    ============================

Day     Jan.   Feb.   Mar.   Apr.   May    Jun.   Jul.   Aug.   Sep.   Oct.   Nov.   Dec.   Year
 01      380    251    192    264    282   1040   3200   6560   5100   1980    881    498
 02      376    253    194    257    264   1090   3410   5250   4460   1880    878    494
 03      366    252    198    234    244   1490   3720   4540   4260   1840    867    484
 04      357    248    200    217    270   1410   4090   3900   4190   1780    845    480
 05      354    250    210    196    298   2010   4470   3460   4360   1750    829    472
 06      349    244    206    183    568   2020   5780   3510   4680   1710    817    477
 07      335    243    206    176    646   1840   5520   3260   7700   1640    793    472
 08      333    240    198    166    425   1900   7220   4500   8910   1580    770    459
 09      329    235    195    167    771   1690   6860   3200   5880   1550    755    455
 10      324    227    206    162    528   1870   5220   3330   5250   1490    729    445
 11      323    222    199    169    375   1690   6280   3310   5010   1430    710    444
 12      316    229    236    165    366   1940   6140   3460   4640   1370    673    433
 13      314    230    213    162    804   2140   5210   3350   4470   1320    677    436
 14      320    220    195    160    533   1660   4090   3020   4190   1280    663    445
 15      302    220    188    173    610   1610   3580   3410   3890   1380    651    441
 16      305    217    188    190    824   1920   3710   3180   4350   1460    643    430
 17      373    212    190    217    766   1920   4200   3480   7520   1320    635    418
 18      346    208    191    224    789   2820   4460   3400   4370   1290    627    407
 19      328    203    200    236    618   2120   3830   3560   4600   1240    608    402
 20      315    212    188    228    546   2390   3680   3580   5030   1200    606    390
 21      290    224    174    213    734   2270   3660   3420   3800   1170    591    389
 22      296    224    172    199    821   2600   4340   3210   3220   1130    582    383
 23      287    214    178    188    881   2280   5280   3350   2870   1100    569    376
 24      290    215    183    186    851   2220   5900   4900   2700   1110    551    365
 25      281    205    189    200    930   2380   5330   3840   2520   1060    550    354
 26      281    197    199    206   1070   2380   5570   4940   2380   1070    535    346
 27      269    194    222    201   1130   2070   6220   5180   2260   1030    521    340
 28      269    191    214    250   1320   2630   6330   4750   2210   1000    504    340
 29      274    195    193    378   1350   2020   6630   4800   2060    962    506    335
 30      255           203    314   1300   2580   7120   5320   2030    927    498    335
 31      255           219          1030          6320   5010           897           336

Min      255    191    172    160    244   1040   3200   3020   2030    897    498    335    160
Mean     316    223    198    209    707   2000   5080   4000   4300   1350    669    416   1620
Max      380    253    236    378   1350   2820   7220   6560   8910   1980    881    498   8910

