Station number: 450
Location:       Narayan Ghat                                                      Latitude: 27 42 30
River:          Narayani                                                         Longitude: 84 25 50

Year:           1975

                                    Mean daily discharge in m3/s
                                    ============================

Day     Jan.   Feb.   Mar.   Apr.   May    Jun.   Jul.   Aug.   Sep.   Oct.   Nov.   Dec.   Year
 01      437    401    339    283    588    545   7640   4420   3450   2740   1090    667
 02      437    415    327    290    561    509   5790   4760   3990   2540   1080    661
 03      433    393    312    319    504    514   4950  10500   4340   2340   1070    649
 04      428    384    308    308    480    771   5070   7500   4700   2560   1070    644
 05      424    380    301    367    456    752   5350   5460   4380   2490   1070    633
 06      424    376    301    363    410    734   4310   5350   4620   2320   1060    621
 07      419    384    308    372    446    777   4510   4340   6380   2700   1060    616
 08      415    380    355    359    460    777   4010   3900   8880   2240   1050    599
 09      415    376    359    327    525    810   3950   3540   7290   2390   1040    599
 10      415    384    323    290    525    912   3530   3320   5830   2120   1040    583
 11      406    359    308    290    627    545   3620   3380   4680   2100   1040    567
 12      406    376    283    287    610    784   3500   3720   4270   2000   1040    567
 13      410    339    287    280    655   1030   3940   3180   4100   1970   1020    556
 14      410    363    276    327    777   1300   4080   3240   6240   1860   1010    545
 15      410    367    273    290    703   1700   3730   3100   5250   1800    984    545
 16      401    355    269    269    790   3030   3670   3160   4890   1780    926    535
 17      393    347    259    283    857   2620   3540   3180   4700   1740    926    535
 18      393    339    255    276    857   2180   3480   3200   4380   1720    891    530
 19      388    319    259    290    765   3290   3450   3160   4890   1690    871    525
 20      393    331    266    283    644   3470   3640   3240   3700   1670    850    525
 21      384    308    283    305    621   5150   3730   3060   4810   1600    817    520
 22      393    359    280    410    577   6400   3730   2960   4410   1540    790    514
 23      401    327    287    424    621   5650   3880   3240   2200   1510    765    504
 24      384    319    266    504    691   4470   3950   3610   2970   1470    746    499
 25      393    327    294    545    877   2380   4760   7640   2890   1440    727    494
 26      384    323    287    494    926   2430   6180   4560   2670   1410    721    494
 27      384    305    269    610    691   7640   6960   3880   2980   1380    715    489
 28      376    323    266    520    583   9770   7170   3230   3260   1320    715    489
 29      372           255    616    509   7090   6340   3030   3500   1210    691    484
 30      376           283    605    588   8570   5050   2750   3010   1170    679    484
 31      401           305           644          4100   3010          1210           475

Min      372    305    255    269    410    509   3450   2750   2200   1170    679    475    255
Mean     403    356    292    373    631   2890   4570   4080   4460   1870    919    553   1780
Max      437    415    359    616    926   9770   7640  10500   8880   2740   1090    667  10500

