Station number: 450
Location:       Narayan Ghat                                                      Latitude: 27 42 30
River:          Narayani                                                         Longitude: 84 25 50

Year:           1968

                                    Mean daily discharge in m3/s
                                    ============================

Day     Jan.   Feb.   Mar.   Apr.   May    Jun.   Jul.   Aug.   Sep.   Oct.   Nov.   Dec.   Year
 01      397    362    281    273    486    799   3090   4180   3160   3840   1300    714
 02      384    337    273    269    605    780   2880   4270   3050   3490   1300    702
 03      384    328    266    262    552    762   2840   4450   3180   3570   1240    691
 04      379    320    262    259    611    702   3000   3860   3210   3140   1220    685
 05      379    316    248    266    605    774   3070   3610   3110   9360   1210    673
 06      375    312    224    281    536    811   3220   3530   2930   6900   1170    662
 07      375    312    237    308    496    862   3230   3670   2870   4320   1160    650
 08      406    308    345    375    491    869   3620   3730   2800   3490   1160    639
 09      384    296    304    397    471   1080   3140   4210   2760   3090   1140    633
 10      371    289    285    375    438   1240   3370   4420   2660   2840   1100    628
 11      375    293    289    349    433   1400   2800   3880   2790   2610   1080    622
 12      388    285    289    333    481   1440   3070   3820   2550   2780   1060    616
 13      371    281    281    333    491   1570   3320   3780   2400   2310   1040    611
 14      362    277    281    333    467   1700   4600   4120   2430   2230   1010    600
 15      388    277    312    324    420   1960   4350   3940   3560   2330    998    589
 16      371    277    316    312    526   2600   3650   3540   3650   2240    977    583
 17      357    277    337    308    516   2540   4310   3480   4120   2180    956    567
 18      349    273    411    304    457   2580   5670   4310   4320   2110    936    562
 19      345    273    379    296    541   2920   5200   4470   3910   2110    909    557
 20      345    266    349    324    726   2450   5430   4300   2840   1990    875    552
 21      341    262    324    349    685   2140   4470   4230   2760   1940    895    546
 22      333    273    316    371    662   1990   5460   4730   2650   1880    862    541
 23      333    277    308    397    726   2280   8780   4750   2570   1850    830    541
 24      328    266    296    384    656   2230   7620   4370   2580   1810    818    536
 25      324    266    293    349    616   2180   5030   3820   2990   1770    818    531
 26      316    262    296    353    600   2660   5200   3670   2790   1720    799    526
 27      312    262    296    353    611   3090   5000   4180   2740   1510    768    526
 28      316    285    293    337    628   2500   5250   4200   2560   1420    756    521
 29      345    308    300    366    594   3110   5120   4200   2770   1390    738    511
 30      379           300    424    557   3300   4530   3570   3600   1340    726    501
 31      406           289           673          4470   3160          1310           496

Min      312    262    224    259    420    702   2800   3160   2400   1310    726    496    224
Mean     362    290    299    332    560   1840   4350   4020   3010   2740    995    591   1620
Max      406    362    411    424    726   3300   8780   4750   4320   9360   1300    714   9360

