Station number: 450
Location:       Narayan Ghat                                                      Latitude: 27 42 30
River:          Narayani                                                         Longitude: 84 25 50

Year:           1973

                                    Mean daily discharge in m3/s
                                    ============================

Day     Jan.   Feb.   Mar.   Apr.   May    Jun.   Jul.   Aug.   Sep.   Oct.   Nov.   Dec.   Year
 01      438    366    406    424    639    830   2390   5030   3830   2570   1460    725
 02      429    357    353    397    589    818   2350   5130   4540   3070   1510    706
 03      424    349    349    388    573    787   2460   5150   3650   5000   1460    687
 04      424    337    324    402    639    756   2350   5400   3290   8000   1370    675
 05      420    341    300    393    611    843   3750   6160   3170   8230   1330    657
 06      420    341    277    397    662    915   3730   5410   3420   5330   1270    651
 07      420    337    316    393    720   1220   3700   5550   3670   4100   1210    639
 08      424    333    316    384   1120   1740   2490   5460   3540   3460   1270    633
 09      438    337    312    384   1370   1580   2390   5650   3270   3330   1210    622
 10      442    333    320    362   1130   1500   2200   5280   3390   3280   1170    610
 11      424    333    333    366   1000   1590   2110   6160   3540   2870   1150    599
 12      415    324    328    406    882   1930   2190   5790   5760   2740   1120    587
 13      420    320    320    442    720   2390   2300   4940   7360   7040   1110    582
 14      429    312    328    506    673   2610   2360   4300   4900   5690   1100    576
 15      415    312    337    521    673   2410   2610   4080   5030   4240   1040    555
 16      411    308    337    462    702   3990   2920   3650   4840   3370   1080    555
 17      402    304    337    438    750   5000   2840   3580   5640   2840   1080    544
 18      397    300    337    415    714   4570   3060   4700   4780   2420   1030    534
 19      393    293    341    442    685   2760   2740   4560   4560   2120    977    523
 20      388    285    333    496    622   2710   2720   3900   3510   2010    939    518
 21      393    316    333    521    552   2550   2770   3580   3300   1960    917    513
 22      406    300    324    546    552   2640   2520   3750   3290   1950    895    503
 23      397    296    308    578    691   2160   2330   3370   2960   1920    874    492
 24      384    293    320    541    639   2060   2740   3120   3120   1860    874    482
 25      384    296    341    557    756   2130   4410   3000   3140   1800    838    477
 26      375    296    379    639    984   2350   5500   3240   3840   1770    811    472
 27      362    320    406    702   1210   2850   5330   3190   3340   1720    797    463
 28      363    447    397    780   1200   3210   3830   3130   2960   1670    784    458
 29      393           420    656   1250   3980   3470   3320   2790   1510    757    453
 30      393           424    600   1110   3070   3750   3490   2600   1510    744    453
 31      379           433          1080          4230   3560          1490           449

Min      362    285    277    362    552    756   2110   3000   2600   1490    744    449    277
Mean     407    324    345    485    822   2260   3050   4410   3900   3250   1070    561   1740
Max      442    447    433    780   1370   5000   5500   6160   7360   8230   1510    725   8230

