Station number: 450
Location:       Narayan Ghat                                                      Latitude: 27 42 30
River:          Narayani                                                         Longitude: 84 25 50

Year:           2000

                                    Mean daily discharge in m3/s
                                    ============================

Day     Jan.   Feb.   Mar.   Apr.   May    Jun.   Jul.   Aug.   Sep.   Oct.   Nov.   Dec.   Year
 01      520    380    261    334    394   1440   3980   7760   4680   2110    998    558
 02      523    376    258    361    407   1450   4100   9180   5350   1990    972    548
 03      506    375    258    389    421   1290   4010   8490   4700   1930    954    535
 04      506    373    256    381    410   1190   3330   5650   4640   1860    910    525
 05      503    377    252    372    424   1310   3090   4620   4430   1800    900    518
 06      494    379    253    376    477   1400   4000   3810   4600   1750    944    511
 07      489    379    255    366    813   1430   5400   4220   5230   1720    895    503
 08      474    372    257    369    542   5550   5130   4820   6060   1700    900    499
 09      477    377    253    372    452   7320   3960   4700   5950   1670    878    494
 10      482    373    258    364    453   3060   4100   7250   5140   1630    871    494
 11      475    375    263    366    450   2620   5160   6720   4930   1580    869    487
 12      475    373    265    366    442   1860   4620   5680   4540   1510    850    481
 13      477    370    258    343    636   1960   4150   4860   3840   1440    804    469
 14      467    375    255    361    636   1790   4520   4950   3530   1410    822    491
 15      471    372    258    360    608   2340   4860   5410   3690   1380    852    481
 16      470    369    257    360    721   2390   5200   5200   3260   1360    827    455
 17      467    368    255    355    706   2510   5080   4560   3270   1290    725    445
 18      471    368    261    358    849   2920   4490   4370   3880   1270    629    439
 19      461    369    262    344    930   2980   4030   5380   4120   1260    604    433
 20      450    366    258    364    793   2960   4390   4710   5090   1240    586    428
 21      445    365    257    377   1060   3340   4060   4570   4290   1210    620    419
 22      442    357    257    389   1080   5400   4480   5500   3580   1190    651    410
 23      436    328    262    407   1280   5740   3990   5150   3570   1180    659    409
 24      430    315    300    449   1830   5870   4510   4580   3290   1210    651    418
 25      422    310    294    442   1670   3870   4800   4660   3110   1150    637    413
 26      404    310    284    427   1760   3460   4530   4660   2770   1100    635    418
 27      397    276    285    447   2100   2830   4560   4260   2640   1110    618    413
 28      392    269    282    504   1830   2700   4690   4930   2520   1040    589    424
 29      392    263    281    513   1520   2980   4840   5700   2420   1030    572    422
 30      392           279    496   1410   3540   4880   6100   2290   1010    564    424
 31      383           279          1380          5210   5800          1000           410

Min      383    263    252    334    394   1190   3090   3810   2290   1000    564    409    252
Mean     458    354    265    390    919   2980   4460   5430   4050   1420    766    464   1830
Max      523    380    300    513   2100   7320   5400   9180   6060   2110    998    558   9180

