Station number: 450
Location:       Narayan Ghat                                                      Latitude: 27 42 30
River:          Narayani                                                         Longitude: 84 25 50

Year:           1986

                                    Mean daily discharge in m3/s
                                    ============================

Day     Jan.   Feb.   Mar.   Apr.   May    Jun.   Jul.   Aug.   Sep.   Oct.   Nov.   Dec.   Year
 01      503    279    226    211    294    343   5330   5070   3320   2960   1120    663
 02      463    269    223    196    312    364   3470   4510   3510   2710   1110    645
 03      434    265    220    191    360    347   2900   4530   3380   2620   1100    633
 04      416    269    217    199    477    372   2620   4370   3730   2400   1080    622
 05      416    265    239    205    407    407   2180   4200   3700   2270   1060    604
 06      398    265    245    199    339    444   2740   3930   4240   2330   1020    599
 07      407    258    239    196    316    503   2870   3460   4030   2140   1000    599
 08      389    262    232    196    312    560   2930   3240   3560   2070    977    587
 09      394    255    229    202    331    610   3160   3230   3820   2020    969    587
 10      385    258    229    223    364    645   3060   3380   4260   1980    954    582
 11      376    287    229    265    389    731   3280   3050   5810   2000    932    560
 12      368    301    258    343    403    962   2670   3170   6000   1940    939    550
 13      360    279    272    394    434   1280   2700   3100   7290   1910    932    528
 14      351    272    245    416    508   1280   3650   2800  10100   1890    888    560
 15      343    294    239    398    555   1190   4500   3130   8360   1970    874    555
 16      331    290    252    389    555   1360   5970   3710   5530   1790    860    560
 17      335    272    239    355    513   1690   5840   3700   4440   1740    838    550
 18      335    265    223    316    633   1970   5460   3740   3860   1630    831    560
 19      331    258    223    290    472   2520   4590   4370   3460   1530    811    744
 20      324    255    214    290    407   2820   4680   5150   3170   1480    777    622
 21      316    252    208    297    403   2220   6180   3900   3400   1450    791    550
 22      312    252    205    335    364   2900   5310   4010   3030   1410    777    528
 23      320    252    205    355    355   2570   4810   3910   3050   1360    770    534
 24      305    245    199    351    324   3980   4120   3780   2870   1330    738    518
 25      301    239    194    425    309   3230   5120   3530   3040   1280    738    503
 26      297    232    191    385    305   2980   6730   3470   3000   1260    719    498
 27      290    226    188    328    316   5480   6860   3820   3000   1250    699    482
 28      290    226    199    294    360   5410   4790   3900   3060   1210    693    472
 29      287           217    316    343   5220   4240   3460   3180   1190    663    472
 30      279           229    324    331   4810   4140   3180   2850   1170    651    467
 31      283           223           335          5500   3040          1150           472

Min      279    226    188    191    294    343   2180   2800   2850   1150    651    467    188
Mean     353    262    224    296    391   1970   4270   3740   4200   1790    877    561   1580
Max      503    301    272    425    633   5480   6860   5150  10100   2960   1120    744  10100

