Station number: 450
Location:       Narayan Ghat                                                      Latitude: 27 42 30
River:          Narayani                                                         Longitude: 84 25 50

Year:           1971

                                    Mean daily discharge in m3/s
                                    ============================

Day     Jan.   Feb.   Mar.   Apr.   May    Jun.   Jul.   Aug.   Sep.   Oct.   Nov.   Dec.   Year
 01      424    304    304    266    521   1080   4450   3460   3910   2190   1660    799
 02      424    300    289    281    531   1580   5150   3520   3970   2210   1660    787
 03      411    304    281    281    552   1720   5520   3580   3650   2200   1680    756
 04      406    296    266    281    546   2000   5020   4270   3610   2150   1400    768
 05      406    300    266    304    567   1740   4170   4160   4050   2030   1380    732
 06      397    304    289    320    589   1920   4300   5080   3620   2010   1380    720
 07      397    296    285    462    633   1950   4780   5350   3490   1950   1360    726
 08      393    296    281    388    650   2200   4050   7090   3290   1950   1360    691
 09      366    289    281    371    616   2460   4230   5700   3650   1950   1260    667
 10      375    285    273    481    562   2570   4050   5460   3420   1950   1180    633
 11      371    296    266    406    546   2050   5430   5300   3730   1950   1160    633
 12      366    296    266    402    708   2460   4900   5300   3110   1950   1140    616
 13      362    289    259    433    662   2790   4400   5020   3000   2050   1130    600
 14      357    277    266    429    673   2910   3970   4560   2770   1980   1100    594
 15      357    277    266    397    856   3140   3600   4560   2660   1950   1100    583
 16      357    273    259    357    824   3330   3570   4700   2440   1980   1100    573
 17      353    273    255    341    702   3580   3490   4780   2330   2970   1030    557
 18      353    277    251    406    714   4620   3580   5480   2230   2760   1010    557
 19      349    281    251    467    622   4050   3490   5500   2200   2680   1000    541
 20      337    266    259    756    562   2970   4120   5350   2200   2320    984    531
 21      333    273    251    611    622   3210   4160   4750   2160   2030    963    506
 22      328    273    251    501    633   2930   3980   4370   2150   2000    949    501
 23      328    266    251    552    628   3460   3490   3940   2220   1950    922    506
 24      328    266    251    481    656   3710   3750   3800   2230   1760    915    496
 25      333    266    269    457    720   3580   3980   3710   2440   1760    895    486
 26      328    259    262    471    708   3650   3330   4140   2200   1760    875    486
 27      320    259    277    438    673   3520   3210   4050   2200   1720    849    471
 28      324    266    289    433    662   3220   3460   3210   2210   1720    824    467
 29      320           289    424    830   3460   3650   3180   2200   1670    811    457
 30      312           273    526    856   3710   3390   3170   2210   1670    805    457
 31      312           273           909          3460   3740          1670           452

Min      312    259    251    266    521   1080   3210   3170   2150   1670    805    452    251
Mean     359    282    269    424    662   2850   4070   4520   2850   2030   1130    592   1670
Max      424    304    304    756    909   4620   5520   7090   4050   2970   1680    799   7090

