Station number: 450
Location:       Narayan Ghat                                                      Latitude: 27 42 30
River:          Narayani                                                         Longitude: 84 25 50

Year:           1969

                                    Mean daily discharge in m3/s
                                    ============================

Day     Jan.   Feb.   Mar.   Apr.   May    Jun.   Jul.   Aug.   Sep.   Oct.   Nov.   Dec.   Year
 01      486    375    300    324    393    628   1590   3240   3510   2340    998    578
 02      486    375    296    328    353    708   1400   3570   3390   2270    984    567
 03      476    371    293    320    341    963   1470   3330   3650   2080    970    557
 04      467    362    296    308    324    889   1920   2930   4010   1960    943    557
 05      462    357    300    289    316    991   1830   3750   3740   1900    943    546
 06      457    349    304    281    349   1270   2110   3370   4270   1850    922    541
 07      452    345    304    273    375   1600   2140   3650   4530   1780    902    526
 08      452    341    300    285    357   1660   2250   4970   4440   1730    902    521
 09      447    341    300    316    341   1600   2820   4050   3950   1710    882    521
 10      447    341    300    324    345   1470   2640   3710   3690   1700    869    511
 11      442    345    300    316    388   1360   2740   4120   3370   1640    856    501
 12      438    349    300    320    516   1220   3060   3840   3330   1580    837    496
 13      433    345    308    433    573   1050   3070   3320   3330   1520    811    481
 14      433    349    308    411    531    998   3030   3400   3900   1480    799    471
 15      481    366    312    375    511   1020   3620   3340   3800   1420    793    467
 16      491    353    320    433    526   1160   3740   3600   3270   1390    762    457
 17      457    345    337    526    557   1150   4180   3860   3390   1360    738    452
 18      442    337    333    506    526   1260   3780   3610   3460   1330    726    452
 19      438    328    457    406    462   1500   3170   4670   3860   1310    714    452
 20      429    324    388    406    467   1520   2870   4940   4130   1270    696    452
 21      415    320    379    424    471   1590   2800   5460   3910   1250    685    442
 22      406    316    349    420    486   1660   3040   5100   3910   1260    679    438
 23      402    316    333    375    578   1510   3160   4560   3240   1330    662    429
 24      402    316    366    337    662   1660   3420   4440   3530   1240    644    424
 25      397    316    341    320    744   1680   3610   4230   3180   1170    633    415
 26      402    308    411    312    805   1370   4700   3860   3220   1140    622    406
 27      402    304    402    304    862   1210   4130   3470   2990   1130    616    402
 28      397    304    353    300    824   1300   3910   3610   2790   1100    605    397
 29      393           328    308    787   1270   3910   3600   2600   1070    600    393
 30      384           320    384    756   1330   3430   4170   2500   1040    589    388
 31      379           320           685          3330   3780          1010           379

Min      379    304    293    273    316    628   1400   2930   2500   1010    589    379    273
Mean     435    339    331    355    523   1290   3000   3920   3560   1500    779    472   1380
Max      491    375    457    526    862   1680   4700   5460   4530   2340    998    578   5460

