Station number: 450
Location:       Narayan Ghat                                                      Latitude: 27 42 30
River:          Narayani                                                         Longitude: 84 25 50

Year:           2002

                                    Mean daily discharge in m3/s
                                    ============================

Day     Jan.   Feb.   Mar.   Apr.   May    Jun.   Jul.   Aug.   Sep.   Oct.   Nov.   Dec.   Year
 01      372    334    252    295    351    695   2710   5050   2780   1840    710    452
 02      357    332    260    298    332    693   6180   5290   2720   1740    720    440
 03      335    328    259    308    380    700   4480   6640   2600   1680    702    427
 04      331    327    257    301    377    695   4320   5060   3700   1640    690    427
 05      325    328    255    294    395    806   3610   4910   4030   1540    682    455
 06      315    323    255    284    460    800   3890   3880   3760   1430    678    478
 07      333    340    252    289    602   1020   3400   3540   3280   1480    672    472
 08      331    308    250    331    553   1090   3340   3170   2840   1450    660    467
 09      338    316    249    328    532    995   3180   3060   2620   1480    648    450
 10      342    260    244    367    764   1050   3380   3150   2810   1370    643    428
 11      340    256    246    338    855   1740   3200   3890   2340   1230    632    417
 12      339    259    242    278    755   1340   3740   5010   2410   1210    623    412
 13      337    319    237    287    767   1610   2960   5900   2300   1190    647    403
 14      344    315    263    290   1210   1580   3780   5180   2120   1160    688    392
 15      338    313    258    286    885   1620   3640   4500   2020   1150    682    387
 16      348    311    260    296    856   1730   3520   4110   2010   1120    672    377
 17      399    260    258    363   1120   1710   2910   4150   1990   1100    665    364
 18      438    260    256    463   1660   1760   3080   4800   2120   1080    627    359
 19      398    256    255    475   1940   1990   3220   4200   2000   1030    538    373
 20      376    257    252    422   1070   2310   4040   5940   1870    973    528    380
 21      357    258    251    407    716   2640   6580   6740   1750    955    528    379
 22      346    263    252    422    637   2140   6640   9180   2050    936    522    373
 23      340    262    252    404    550   1880   8450   7200   2120    960    507    367
 24      335    258    253    414    670   2350   7640   5400   2060    955    492    363
 25      334    258    304    407    761   2200   6630   4670   1990    909    495    353
 26      332    267    312    460    774   2320   5030   4080   2600    804    508    348
 27      333    259    311    485    738   2620   4360   3870   2700    804    503    341
 28      328    251    303    394    652   2280   6080   3560   2370    812    495    335
 29      341           303    392    602   2060   6100   3420   1970    770    483    327
 30      337           303    375    743   2760   4950   3280   1900    710    468    321
 31      335           284           760          5200   3120           702           316

Min      315    251    237    278    332    693   2710   3060   1750    702    468    316    237
Mean     347    288    264    358    757   1640   4520   4710   2460   1170    604    393   1460
Max      438    340    312    485   1940   2760   8450   9180   4030   1840    720    478   9180

