Station number: 450
Location:       Narayan Ghat                                                      Latitude: 27 42 30
River:          Narayani                                                         Longitude: 84 25 50

Year:           1992

                                    Mean daily discharge in m3/s
                                    ============================

Day     Jan.   Feb.   Mar.   Apr.   May    Jun.   Jul.   Aug.   Sep.   Oct.   Nov.   Dec.   Year
 01      412    351    283    252    376    503   1380   3970   3510   2100    917    528
 02      421    335    283    245    403    449   1360   4870   3210   2000    881    534
 03      425    347    287    255    389    439   1380   4620   3190   1870    902    539
 04      398    335    294    255    430    458   1230   4350   2960   1800    867    539
 05      398    312    297    262    398    472   1310   3790   3320   1760    852    523
 06      403    312    297    255    364    482   1510   3750   3530   1600    817    513
 07      407    324    290    265    347    492   1730   5530   3040   1510    804    498
 08      398    376    290    258    343    616   1680   4560   3120   1480    811    482
 09      380    355    290    279    331    560   1620   3860   3380   1410    797    492
 10      376    339    290    320    376    544   1940   3600   3300   1390    777    477
 11      394    312    294    324    339    534   1910   3360   3100   1370    777    472
 12      394    316    287    335    364    492   2010   3070   3380   1420    751    463
 13      394    312    287    312    385    627   2050   2880   3660   1680    744    444
 14      389    324    287    328    394    645   2080   2700   3610   1450    706    439
 15      380    309    279    331    449    744   1880   4010   3360   1430    719    434
 16      380    305    272    331    407    731   1860   3730   3330   1490    687    425
 17      368    305    269    320    453    797   2140   3610   3120   1560    669    425
 18      351    301    269    294    539   1020   2760   3980   2720   1580    669    430
 19      368    294    276    312    458   1190   2710   3790   2520   1440    639    412
 20      364    287    279    301    403   1410   2940   3520   2360   1310    627    403
 21      360    290    287    287    380   2220   3140   3970   2190   1270    599    403
 22      360    287    279    320    360   1680   3300   5810   2050   1220    599    403
 23      376    287    279    339    343   2190   2910   6070   1960   1170    593    394
 24      351    276    279    324    339   1680   3100   7900   1910   1110    616    389
 25      355    276    258    279    335   1700   3710   7460   1820   1060    587    376
 26      351    276    276    297    380   1500   3520   6090   1760   1060    555    380
 27      343    276    269    287    416   1450   3160   5860   1870   1010    550    372
 28      335    279    276    309    463   1460   2700   4980   2020    985    550    376
 29      335    287    287    312    482   1580   2620   4560   2530    969    544    372
 30      328           290    339    528   1430   2680   3990   2280    947    544    364
 31      331           265           513          3140   3910           932           364

Min      328    276    258    245    331    439   1230   2700   1760    932    544    364    245
Mean     375    310    282    298    403   1000   2300   4460   2800   1400    705    441   1230
Max      425    376    297    339    539   2220   3710   7900   3660   2100    917    539   7900

