Station number: 450
Location:       Narayan Ghat                                                      Latitude: 27 42 30
River:          Narayani                                                         Longitude: 84 25 50

Year:           1972

                                    Mean daily discharge in m3/s
                                    ============================

Day     Jan.   Feb.   Mar.   Apr.   May    Jun.   Jul.   Aug.   Sep.   Oct.   Nov.   Dec.   Year
 01      506    379    304    362    357   1040   1770   6470   2930   1810   2060    639
 02      506    375    300    328    353   1070   2380   4650   2770   1740   2110    628
 03      501    371    293    312    366    936   3000   5230   3160   1680    984    616
 04      496    379    285    289    384    956   3270   4540   5860   1620    915    600
 05      496    379    285    285    345   1020   3300   4310   4750   1540    949    589
 06      486    379    362    277    328    943   3190   4100   4130   1510    936    583
 07      481    388    357    273    320    811   2850   4280   4320   1550    922    567
 08      476    375    353    277    476    793   4080   4160   4050   1780    895    562
 09      462    362    312    281    438    774   2540   4530   3370   1570    895    552
 10      462    357    293    300    371    732   2460   5640   2850   1470    869    552
 11      457    357    289    397    476    768   2270   5740   3280   1430    856    552
 12      457    349    285    337    541    811   2220   4500   2860   1390    843    546
 13      447    333    281    300    491    818   2030   4080   3210   1360    856    531
 14      442    457    277    293    702   1090   2000   3940   2750   1330    843    526
 15      442    420    293    296    691   1130   2040   3580   3440   1320    818    521
 16      438    341    289    316    650   1130   2230   3220   2980   1300    818    526
 17      429    333    285    316    787   1970   3740   3220   2700   1240    805    511
 18      415    337    281    388    738   1580   7820   3730   2590   1220    811    511
 19      406    333    281    353    738   2670   7780   2930   2380   1180    756    506
 20      406    333    281    341    869   4840   7170   2820   2260   1130    744    496
 21      397    324    308    300    830   2220   5020   2600   2250   1110    720    501
 22      397    316    304    289    805   2130   6240   2820   2110   1080    708    486
 23      397    312    304    289   1080   2250   4650   2740   1940   1080    696    476
 24      393    308    304    289   1090   2050   3750   3760   2070   1070    679    481
 25      388    304    293    312   1360   1700   4780   3170   2130    977    667    471
 26      379    304    304    308   1460   1780   4900   4010   2110    998    662    467
 27      379    304    320    375   1380   1670   5980   3610   2280    970    744    462
 28      375    304    393    337   1130   1610   8720   4020   2270    963    685    442
 29      379    304    353    345   1110   2280   6960   3300   2020   1860    656    452
 30      397           362    362   1080   1970   8630   3100   1880   2980    639    442
 31      388           366           984          7020   3040          2900           442

Min      375    304    277    273    320    732   1770   2600   1880    963    639    442    273
Mean     435    349    310    318    733   1520   4350   3930   2920   1460    885    524   1480
Max      506    457    393    397   1460   4840   8720   6470   5860   2980   2110    639   8720

