Station number: 450
Location:       Narayan Ghat                                                      Latitude: 27 42 30
River:          Narayani                                                         Longitude: 84 25 50

Year:           1987

                                    Mean daily discharge in m3/s
                                    ============================

Day     Jan.   Feb.   Mar.   Apr.   May    Jun.   Jul.   Aug.   Sep.   Oct.   Nov.   Dec.   Year
 01      455    340    297    372    453    833   2990   5280   3970   1720   1150    677
 02      448    338    290    361    452    978   2740   5570   4120   1720   1130    665
 03      438    334    289    407    557    973   4740   5910   4940   1680   1070    655
 04      438    340    285    351    579   1150   4330   5420   5530   1620   1050    636
 05      427    360    294    334    487   1130   3140   4420   3650   1600   1060    640
 06      434    338    295    309    453   1150   3500   4390   3420   1500   1020    629
 07      419    331    296    335    474   1250   3300   4170   3330   1470   1000    625
 08      416    334    300    367    448   1280   5290   3820   3660   1430    989    616
 09      410    331    301    622    447   1350   5330   4150   3300   1390    965    616
 10      407    326    297    508    438   1720   4160   5980   3070   1390    958    610
 11      395    324    285    408    424   1510   5580   8410   3340   1320    953    612
 12      390    314    289    358    396   1520   4990   6970   3000   1300    948    620
 13      410    319    293    335    389   1520   4820   7930   2790   1300    931    763
 14      401    324    282    325    386   1370   3830   7280   2610   1320    912    650
 15      384    324    260    309    378   1380   3460   5870   2570   1270    898    631
 16      389    314    241    315    372   1700   3000   4450   2420   1240    875    574
 17      379    325    306    307    400   1540   3250   3930   2310   1210    857    567
 18      372    328    366    312    412   1370   3200   3640   2190   1170    854    556
 19      376    320    316    379    402   1360   3500   4280   2230   1260    841    547
 20      368    307    302    358    400   1200   3260   3920   2420   2870    812    521
 21      362    302    305    350    469   1120   3700   3560   2400   1850    790    533
 22      368    297    284    354    552   1370   3780   3590   2280   1560    771    521
 23      355    309    282    536    743   1680   6740   3730   2370   1450    767    513
 24      354    295    289    468    673   1710   7500   5790   2250   1400    758    516
 25      349    294    296    412    628   1590  10800   3830   2160   1330    740    506
 26      343    291    309    436    558   1570   8990   4950   2050   1270    727    496
 27      349    291    368    398    525   1500   6610   4360   2070   1240    711    488
 28      346    316    312    375    546   1710   6710   5360   1940   1180    697    480
 29      346           291    346    589   2080   5960   4790   1860   1170    693    476
 30      340           305    394    640   3090   5560   4780   1770   1160    687    468
 31      336           314           676          5400   4010          1240           470

Min      336    291    241    307    372    833   2740   3560   1770   1160    687    468    241
Mean     387    320    298    381    495   1460   4840   4990   2870   1440    887    577   1580
Max      455    360    368    622    743   3090  10800   8410   5530   2870   1150    763  10800

