Station number: 450
Location:       Narayan Ghat                                                      Latitude: 27 42 30
River:          Narayani                                                         Longitude: 84 25 50

Year:           1996

                                    Mean daily discharge in m3/s
                                    ============================

Day     Jan.   Feb.   Mar.   Apr.   May    Jun.   Jul.   Aug.   Sep.   Oct.   Nov.   Dec.   Year
 01      377    330    321    334    560    929   2820   3840   5760   2330   1120    589
 02      370    329    316    307    569   1000   2670   4020   5410   2450   1070    572
 03      373    319    322    296    557    990   2460   3960   5290   2110   1050    580
 04      371    341    349    289    621    840   2310   3600   5460   2120   1020    557
 05      368    316    338    293    642    717   2070   3540   5140   3090   1000    551
 06      381    319    314    287    672    667   2280   3830   5820   3180    995    536
 07      370    306    315    305    645    560   2350   3790   4530   2600    925    515
 08      362    305    341    316    683    562   2680   4070   4350   2290    932    525
 09      354    320    325    304    732    569   2850   5180   4080   2110    917    530
 10      354    320    325    307    691    638   2950   5410   3750   1970    910    499
 11      360    429    337    299    622    858   3800   5490   3560   1860    895    504
 12      344    461    350    300    508   1040   4920   4330   3680   1820    890    501
 13      346    390    394    301    474   1010   5020   9920   3350   1760    843    496
 14      347    358    394    301    453   1580   7140   8080   3150   1660    815    486
 15      343    346    381    302    498   1380   8470   7710   3210   1620    815    486
 16      631    342    395    334    508   1350   5000   6700   2840   1540    813    476
 17      510    326    373    360    620   1340   5290   7570   2690   1510    808    470
 18      418    320    362    349    587   1780   7440   8310   2540   1490    753    471
 19      396    319    373    338    523   1690   6260   7520   2490   1450    742    458
 20      374    356    321    354    491   1650   6400   6770   2360   1420    742    447
 21      373    316    302    391    412   1920   5090   6130   2180   1330    725    445
 22      368    304    293    395    416   3580   4760   6230   2090   1320    699    442
 23      362    306    301    355    422   3000   4930   5380   2190   1290    681    442
 24      376    300    302    334    481   2720   4290   4830   2210   1270    669    433
 25      357    300    296    330    616   3030   4420   3870   2580   1240    659    430
 26      350    336    287    372    852   3520   3790   3590   2360   1360    653    424
 27      347    375    310    342    965   3460   4080   4810   3310   1300    639    416
 28      344    366    314    333   1000   2840   4010   3530   2840   1220    635    413
 29      349    338    316    360    991   3070   3850   3500   3070   1200    612    414
 30      340           366    493    862   3010   3450   3700   2610   1180    593    396
 31      343           360           766          3500   4360          1150           398

Min      340    300    287    287    412    560   2070   3500   2090   1150    593    396    287
Mean     376    338    335    333    627   1710   4240   5280   3500   1750    820    481   1650
Max      631    461    395    493   1000   3580   8470   9920   5820   3180   1120    589   9920

