Station number: 450
Location:       Narayan Ghat                                                      Latitude: 27 42 30
River:          Narayani                                                         Longitude: 84 25 50

Year:           2003

                                    Mean daily discharge in m3/s
                                    ============================

Day     Jan.   Feb.   Mar.   Apr.   May    Jun.   Jul.   Aug.   Sep.   Oct.   Nov.   Dec.   Year
 01      340    321    327    320    401    720   4230   6850   4530   2340    973    593
 02      380    316    314    317    407    769   3460   5620   6990   2140    910    608
 03      371    313    287    321    397    701   3940   5140   6020   2020    924    585
 04      336    309    278    321    382    761   4600   4770   5930   1980    895    582
 05      321    305    275    305    363    805   4480   4080   6100   1900    882    537
 06      312    304    271    292    360    704   4080   4160   5870   1780    863    540
 07      311    301    251    294    323    657   3370   3570   5020   1710    875    548
 08      316    295    242    288    320    678   4720   3510   4090   1650    898    547
 09      324    287    238    289    310    713   9740   3780   3780   1660    798    518
 10      321    287    245    286    246    847   8740   3670   3360   1590    800    547
 11      323    285    226    264    289   1420   5490   3880   3280   1520    804    518
 12      315    284    219    271    305   1070   4200   4040   3230   1460    794    512
 13      311    281    243    276    324   1070   3740   4550   3580   1420    772    487
 14      309    269    240    277    424    994   4510   4610   3860   1370    752    512
 15      309    259    242    319    375    834   4570   4220   4620   1320    748    455
 16      298    255    235    328    427    907   4360   4370   3880   1350    725    457
 17      285    239    249    355    400    971   4530   3380   4270   1300    738    477
 18      280    263    261    344    470   1210   4630   7930   3680   1270    698    455
 19      276    255    252    331    523   1280   4750   6900   3220   1260    675    413
 20      272    357    237    337    503   1510   6170   6550   2760   1230    663    425
 21      273    403    252    340    465   1640   5920   5580   3420   1190    680    425
 22      266    367    256    343    508   2480   4970   4400   3210   1120    650    433
 23      266    354    247    332    520   2340   4080   4930   3500   1180    653    427
 24      263    347    245    332    527   2380   5110   4300   3970   1120    643    470
 25      259    337    266    380    553   2600   3580   3980   3570   1110    637    430
 26      255    333    272    468    545   1960   3780   3860   3210   1080    642    422
 27      258    330    311    445    542   2520   4040   3980   2840   1150    635    405
 28      265    328    273    505    555   2600   3650   3980   2760   1120    603    439
 29      291           305    398    592   3680   4080   4260   2560   1050    573    518
 30      290           340    426    623   4760   5240   4690   2600   1040    637    480
 31      281           334           623         11300   4140           949           455

Min      255    239    219    264    246    657   3370   3380   2560    949    573    405    219
Mean     299    307    266    337    439   1520   4970   4640   3990   1430    751    491   1620
Max      380    403    340    505    623   4760  11300   7930   6990   2340    973    608  11300

