Station number: 450
Location:       Narayan Ghat                                                      Latitude: 27 42 30
River:          Narayani                                                         Longitude: 84 25 50

Year:           1998

                                    Mean daily discharge in m3/s
                                    ============================

Day     Jan.   Feb.   Mar.   Apr.   May    Jun.   Jul.   Aug.   Sep.   Oct.   Nov.   Dec.   Year
 01      453    306    274    379    640   1290   4620   3950   7360   2470   1210    665
 02      438    316    275    342   1150   1280   4960   3750   6830   2600   1160    663
 03      421    320    273    341    968   1310   6030   4400   7010   2690   1130    657
 04      413    312    262    335   1350   1320   4520   7180   6210   2630   1120    655
 05      408    296    263    366   1530   1190   5880   6640   5820   2530   1100    653
 06      376    293    329    350   1300   1150   6410   5600   5880   2300   1070    645
 07      415    296    344    357   1220   1060   7710   5260   5390   2120   1050    629
 08      419    288    314    351   1100   1130   9540   5330   4300   2010    990    608
 09      395    289    290    401    848   1170   8440   5860   3730   1950    975    603
 10      406    289    284    377    811   1200   5070   5990   3480   1900    942    601
 11      393    283    284    366    665   1200   4010   7050   3120   1860    937    595
 12      368    287    278    337    551   1340   4440   7280   3060   1820    886    595
 13      382    277    278    337    532   1260   3920   6210   3060   1840    881    580
 14      364    275    270    334    560   1380   3960   9070   2900   1820    869    586
 15      366    272    273    324    713   1150   4530   8560   2860   1700    876    578
 16      374    277    267    334    765   1340   3930   7200   2640   1680    867    557
 17      362    276    258    354    738   1170   4170   6460   2580   1640    838    550
 18      354    285    254    321    866   1470   5200   7630   2700   1510    829    550
 19      346    273    263    356    930   1500   6110   8970   2560   1790    817    550
 20      341    283    276    470    906   2180   6470   6680   2570   1610    806    546
 21      327    276    266    599    985   2490   6600   8730   2940   1490    808    534
 22      337    272    268    473   1220   2780   5840   8420   2660   1520    795    521
 23      331    275    406    510   1280   2720   5610   6860   2460   1530    777    521
 24      330    259    360    470   1300   3000   5160   6640   2470   1470    723    520
 25      328    295    345    553   1420   2090   4640   6700   2530   1420    710    511
 26      331    308    310    591   1340   3580   4480   6750   2520   1400    712    515
 27      330    295    291    700   1320   3880   3940   7520   2360   1330    712    498
 28      328    280    279    677   1640   5060   4180   6350   2740   1300    712    491
 29      325           302    645   1420   6040   3730   5560   2690   1270    706    492
 30      333           532    641   1520   4870   3970   5420   2830   1240    702    490
 31      326           457          1220          3820   7530          1220           481

Min      325    259    254    321    532   1060   3730   3750   2360   1220    702    481    254
Mean     368    288    304    433   1060   2090   5220   6630   3680   1800    890    569   1940
Max      453    320    532    700   1640   6040   9540   9070   7360   2690   1210    665   9540

