Station number: 450
Location:       Narayan Ghat                                                      Latitude: 27 42 30
River:          Narayani                                                         Longitude: 84 25 50

Year:           1963

                                    Mean daily discharge in m3/s
                                    ============================

Day     Jan.   Feb.   Mar.   Apr.   May    Jun.   Jul.   Aug.   Sep.   Oct.   Nov.   Dec.   Year
 01      560    400    310    300    424   1150   2800   4010   4900   2670   1240    960
 02      560    390    300    320    441   1180   2670   3870   5240   2570   1260    954
 03      560    390    300    340    463   1320   2770   5140   4890   2400   1360    936
 04      550    380    300    340    474   1300   2860   6320   4740   2210   1260    924
 05      540    380    300    320    497   1330   2670   5460   4390   2020   1230    912
 06      520    380    290    320    514   1320   2640   5070   4070   2180   1170    906
 07      510    370    290    320    536   1490   2700   4410   4000   2100   1150    894
 08      500    370    290    340    553   1430   2760   6700   3930   2040   1120    889
 09      590    370    290    380    575   1500   3460   6180   3850   2000   1090    883
 10      480    360    290    400    603   1670   3850   6270   3810   1900   1060    883
 11      470    350    290    420    626   1710   3270   6420   3770   1840   1040    878
 12      460    350    280    470    654   1540   3790   5830   3750   1780   1040    878
 13      460    350    280    580    676   1300   4830   5500   3720   1720   1030    878
 14      450    340    280    580    704   1300   4440   4540   3680   1650   1030    878
 15      440    360    270    540    732   1920   3740   4380   3800   1630   1030    883
 16      440    360    270    510    794   2100   3540   4930   5280   1570   1020    872
 17      440    330    270    490    924   1760   3340   5190   4420   1550   1020    855
 18      430    340    280    500    782   1680   3050   5050   3490   1510   1010    844
 19      430    340    280    530    687   1440   3270   6420   3270   1470   1010    827
 20      430    350    290    500    715   1650   3450   5970   3150   1460   1010    810
 21      430    350    290    450    833   1410   4990   6060   3070   1430   1010    794
 22      430    330    290    410    878   1550   4740   5460   3050   1400   1010    777
 23      420    320    280    400    782   1800   3490   4640   3010   1370   1010    766
 24      420    330    280    390    754   1970   3470   4420   3000   1340   1010    749
 25      420    320    280    380    760   1990   4140   4650   2990   1380   1010    732
 26      420    310    280    360    855   1870   5050   4770   2970   1350   1000    704
 27      420    310    310    332    855   2110   5370   4470   2930   1320   1000    282
 28      420    300    330    330    816   2310   5220   4180   2890   1280   1000    654
 29      410           310    330    844   2670   4900   4710   2830   1240    990    631
 30      410           290    350    918   3110   4810   4290   2760   1210    978    603
 31      400           290           984          4520   4590          1210           575

Min      400    300    270    300    424   1150   2640   3870   2760   1210    978    282    270
Mean     465    351    290    408    698   1700   3760   5160   3720   1700   1070    807   1680
Max      590    400    330    580    984   3110   5370   6700   5280   2670   1360    960   6700

