Station number: 450
Location:       Narayan Ghat                                                      Latitude: 27 42 30
River:          Narayani                                                         Longitude: 84 25 50

Year:           1965

                                    Mean daily discharge in m3/s
                                    ============================

Day     Jan.   Feb.   Mar.   Apr.   May    Jun.   Jul.   Aug.   Sep.   Oct.   Nov.   Dec.   Year
 01      481    390    285    281    616    732   2690   3290   3620   1710   1440    622
 02      476    374    277    300    594    726   2920   3580   3780   1640   1190    616
 03      481    374    266    333    562    756   2640   3620   3490   1620   1100    594
 04      481    362    262    312    546    849   2380   3610   3170   1600   1100    589
 05      471    362    262    293    491    869   2350   3740   3170   1610   1310    578
 06      462    362    255    300    447    856   2460   3740   3060   1590   1190    567
 07      457    351    262    293    462    811   2470   3420   3100   1520   1110    557
 08      452    351    266    300    531    691   4440   3480   3340   1490   1060    552
 09      447    340    266    328    501    691   4370   3490   3480   1430    943    546
 10      438    329    259    375    452    762   3620   4750   3330   1380    936    541
 11      429    293    255    397    411    929   2710   5950   3450   1390    936    536
 12      424    285    244    429    424    943   2440   7000   3260   1350    895    531
 13      420    293    241    616    457    963   3300   5530   3120   1300    869    531
 14      415    289    237    583    457   1060   3070   5830   2980   1250    856    521
 15      406    289    237    506    447   1160   2990   6730   2570   1190    837    511
 16      397    285    241    467    536   1620   2800   5600   2390   1160    837    506
 17      397    277    244    481    616   2200   2660   4600   2310   1140    837    501
 18      393    289    251    496    628   2160   2430   3840   2360   1130    818    496
 19      393    289    251    573    633   2110   2580   3860   2400   1150    799    491
 20      388    304    281    536    679   1840   2600   4020   2230   1460    787    486
 21      384    308    269    424    650   1810   2750   5130   2230   1290    756    491
 22      384    296    266    379    583   1840   2600   4240   2150   1180    744    481
 23      379    285    255    357    521   1570   2550   3980   2170   1110    726    481
 24      379    277    255    375    552   1530   2960   3840   2140   1090    720    481
 25      379    269    259    429    628   1890   2940   3580   2100   1060    708    491
 26      379    273    255    457    639   2300   2980   3660   2120   1050    685    481
 27      375    277    289    424    650   2330   2900   3800   2070   1020    673    471
 28      371    281    312    424    656   2600   2880   4780   2930   1070    662    452
 29      371           296    471    702   2720   2710   7070   1830    991    650    442
 30      407           273    562    726   2550   3170   4710   1760   1000    639    438
 31      402           273           738          3170   4160          1140           433

Min      371    269    237    281    411    691   2350   3290   1760    991    639    433    237
Mean     417    313    263    417    566   1460   2890   4470   2740   1290    894    517   1350
Max      481    390    312    616    738   2720   4440   7070   3780   1710   1440    622   7070

