Station number: 450
Location:       Narayan Ghat                                                      Latitude: 27 42 30
River:          Narayani                                                         Longitude: 84 25 50

Year:           1967

                                    Mean daily discharge in m3/s
                                    ============================

Day     Jan.   Feb.   Mar.   Apr.   May    Jun.   Jul.   Aug.   Sep.   Oct.   Nov.   Dec.   Year
 01      433    320    269    296    594    696   1950   3260   3160   1970    909    578
 02      429    324    273    324    531    726   2090   3210   3170   2990    895    562
 03      429    320    273    349    457    780   2190   3490   3040   2920    882    546
 04      424    320    277    353    429    869   2820   3300   2820   1810    875    541
 05      429    324    269    328    406    915   3300   3800   3160   1780    849    536
 06      424    324    259    300    384    943   2790   3740   2870   1710    830    526
 07      424    328    255    285    371    787   2880   3750   2740   1630    830    521
 08      420    333    255    269    371    656   3370   4280   3260   1620    811    516
 09      415    328    259    262    424    644   5120   3780   3190   1610    799    506
 10      415    320    259    255    516    882   7150   4080   3400   1580    780    501
 11      411    353    269    255    573   1260   5080   4310   3430   1530    768    491
 12      415    308    248    255    546   1460   3370   3780   3360   1500    750    486
 13      411    304    269    259    506   1520   2930   4050   3130   1480    750    476
 14      406    300    308    273    506   1600   2850   3900   2830   1420    732    476
 15      402    300    316    308    467   1740   3560   4540   2970   1370    738    471
 16      388    300    296    393    486   1280   4560   4510   2880   1310    714    462
 17      384    304    300    379    411   1570   4500   4530   2760   1270    720    457
 18      379    308    300    442    393   1520   5600   4200   2590   1240    691    447
 19      375    300    285    720    402   1800   5350   4100   2590   1210    685    442
 20      371    300    281    511    411   1620   4020   3610   2640   1170    673    438
 21      353    296    281    420    442   1450   3340   3520   2870   1130    656    433
 22      353    289    312    402    496   1590   3340   3470   2640   1100    639    429
 23      349    281    308    462    605   1580   3540   4890   2840   1060    622    424
 24      337    281    345    496    685   1460   3880   4410   2850   1050    622    424
 25      333    273    324    438    679   1470   4210   4050   2830   1020    622    447
 26      328    269    308    397    656   1720   3560   4240   2670   1020    639    438
 27      324    269    357    406    573   2100   3190   4410   2400   1000    622    424
 28      320    269    345    541    552   1940   3320   3760   2220    984    605    420
 29      316           316    526    567   1810   3190   3470   2110    956    594    411
 30      312           300    501    628   1820   3300   3290   2050    929    583    402
 31      316           289           667          3270   3140           922           402

Min      312    269    248    255    371    644   1950   3140   2050    922    583    402    248
Mean     381    305    290    380    508   1340   3670   3900   2850   1430    730    472   1350
Max      433    353    357    720    685   2100   7150   4890   3430   2990    909    578   7150

