Station number: 450
Location:       Narayan Ghat                                                      Latitude: 27 42 30
River:          Narayani                                                         Longitude: 84 25 50

Year:           1990

                                    Mean daily discharge in m3/s
                                    ============================

Day     Jan.   Feb.   Mar.   Apr.   May    Jun.   Jul.   Aug.   Sep.   Oct.   Nov.   Dec.   Year
 01      452    361    362    315    457   1010   2420   3820   2830   2160    967    581
 02      443    354    362    340    458   1230   2130   3740   2720   2020    953    612
 03      425    326    356    330    430   1610   3140   3510   2600   1980    975    588
 04      459    342    347    342    500   1500   2430   3080   2470   1870    931    585
 05      436    344    338    343    526   1660   2580   2990   3240   1850    936    561
 06      418    351    336    316    513   1520   2640   3080   3040   1760    910    567
 07      436    340    323    334    523   1350   2600   3470   4020   1710    901    544
 08      401    338    327    365    468   1280   4860   3490   3120   1650    884    528
 09      398    351    331    397    448   1310   5720   3940   2940   1720    852    535
 10      401    328    332    394    480   1390   5440   4290   2560   1670    873    528
 11      419    353    384    402    594   1650   5630   4660   5440   1630    806    523
 12      406    380    350    411    697   1430   4780   7860   4210   1620    812    501
 13      406    356    391    469    706   1400   4150   7740   3490   1530    815    500
 14      413    413    355    506    792   1300   7020   6650   3250   1980    769    491
 15      401    478    359    428    838   1440   6030   5450   3250   1630    806    491
 16      402    412    348    452    830   1650   4670   4780   2920   1550    773    496
 17      397    383    328    447   1010   1920   4620   4730   2920   1460    780    459
 18      401    354    390    449   1320   2180   7190   4740   3180   1400    754    474
 19      397    347    376    515    915   2220   7880   4670   2830   1350    720    448
 20      394    369    364    565    977   2570   7650   3860   2660   1320    720    456
 21      394    357    368    496    946   2810   5280   3530   2780   1290    726    450
 22      397    351    355    574    887   2980   4930   3340   2570   1240    707    468
 23      398    343    369    595    709   2830   5970   3210   2490   1200    625    464
 24      398    348    510    530    785   2440   5410   3810   2580   1180    625    452
 25      394    354    472    547    708   2480   4660   3220   2630   1130    623    435
 26      401    354    416    612    844   2640   4610   3450   2520   1110    594    439
 27      398    354    387    560    909   2550   4260   5400   2430   1100    601    418
 28      381    350    361    793    833   2360   5270   3990   2780   1050    609    430
 29      390           356    569   1210   2490   4680   3640   2250   1040    594    424
 30      387           359    501    982   2560   4490   3310   2250   1030    563    410
 31      373           327           839          4010   3150          1000           449

Min      373    326    323    315    430   1010   2130   2990   2250   1000    563    410    315
Mean     407    360    366    463    746   1920   4750   4210   2960   1490    773    494   1580
Max      459    478    510    793   1320   2980   7880   7860   5440   2160    975    612   7880

