Station number: 450
Location:       Narayan Ghat                                                      Latitude: 27 42 30
River:          Narayani                                                         Longitude: 84 25 50

Year:           1985

                                    Mean daily discharge in m3/s
                                    ============================

Day     Jan.   Feb.   Mar.   Apr.   May    Jun.   Jul.   Aug.   Sep.   Oct.   Nov.   Dec.   Year
 01      339    256    266    226    265    648   2630   3390   5280   2320   1360    643
 02      350    258    276    224    271    716   2460   3420   4190   2200   1320    631
 03      340    245    270    217    303    591   2080   3170   5580   2030   1300    618
 04      334    244    282    223    285    661   3050   3940   5920   1920   1270    610
 05      331    254    272    211    316    612   3790   3300   5910   1860   1230    604
 06      335    269    283    206    291    901   3670   3280   4950   1890   1180    589
 07      335    263    314    202    266    804   6360   3140   4020   1760   1160    586
 08      329    257    303    205    273    635   4540   3080   3820   1700   1130    574
 09      320    255    265    207    261    649   3600   3000   3490   1710   1110    579
 10      324    255    257    251    313    593   3890   3060   3030   2300   1080    544
 11      305    251    268    309    349    593   4000   3080   4080   3670   1100    539
 12      302    240    261    282    400    574   4220   3130   3840   2400   1060    523
 13      326    248    271    266    343    601   4560   2970   3500   2240   1000    516
 14      312    241    268    283    302    774   5240   3260   3590   2030    967    508
 15      317    239    253    262    465    915   4880   3230   3550   1870    952    499
 16      302    229    244    239    347   1070   4670   3190   3960   1770    922    491
 17      282    241    243    232    400   1010   5290   3090   5810   1870    902    486
 18      273    245    238    232    315   1060   4460   3870   4220   2240    874    472
 19      281    233    219    245    440   1240   4160   4790   3680   3620    862    466
 20      296    234    209    266    384   1250   4260   4600   3040   2540    836    445
 21      288    226    208    288    566   1490   4340   4270   2950   2170    797    439
 22      283    239    212    346    428   1330   5980   4610   2930   2020    793    434
 23      295    232    226    518    365   1470   5150   5700   2860   1880    775    430
 24      272    243    233    386    350   1980   4820   4820   2770   1680    755    428
 25      269    246    227    344    389   1930   6190   4030   2710   1620    731    416
 26      275    241    219    288    418   1900   6140   3660   2810   1550    727    401
 27      268    243    216    263    583   2290   5400   3650   2490   1510    702    567
 28      269    250    245    235    648   2570   5160   4030   2600   1470    685    780
 29      257           275    279    606   1940   4520   5200   2730   1430    667    562
 30      256           294    242    578   1940   3890   5660   2610   1390    655    482
 31      257           240           589          3250   4180          1380           464

Min      256    226    208    202    261    574   2080   2970   2490   1380    655    401    202
Mean     301    246    253    266    391   1160   4410   3800   3760   2000    964    527   1510
Max      350    269    314    518    648   2570   6360   5700   5920   3670   1360    780   6360

