Station number: 450
Location:       Narayan Ghat                                                      Latitude: 27 42 30
River:          Narayani                                                         Longitude: 84 25 50

Year:           1991

                                    Mean daily discharge in m3/s
                                    ============================

Day     Jan.   Feb.   Mar.   Apr.   May    Jun.   Jul.   Aug.   Sep.   Oct.   Nov.   Dec.   Year
 01      448    344    326    546    563    734   2560   3010   4640   1940    867    532
 02      490    342    308    398    574    581   2340   3470   6460   1900    860    530
 03      472    318    300    337    574    542   2650   4100   5410   1820    857    518
 04      468    330    296    410    483    585   5000   5240   4740   1780    841    527
 05      419    330    309    366    450    708   3600   4950   5220   1780    834    517
 06      451    334    392    357    440    858   3270   4730   4830   1840    773    504
 07      412    330    336    336    537   1440   4950   4770   4340   1950    790    501
 08      406    311    315    309    562   1430   5140   5520   5410   1700    791    493
 09      436    321    317    315    603   1240   5470   5280   5160   1630    769    479
 10      410    308    322    393    574   1540   3740   5220   5070   1580    747    481
 11      417    320    316    380    520   1540   3680   5070   5340   1500    723    471
 12      403    322    306    325    500   1500   3040   4470   4550   1460    714    466
 13      412    312    294    309    432   1830   2660   4200   3910   1400    710    422
 14      386    305    285    310    406   2050   2440   5060   3880   1370    709    430
 15      398    315    297    297    484   2440   3840   5630   3960   1330    675    452
 16      395    297    288    295    605   2170   2980   5300   3820   1290    655    435
 17      372    296    291    290    601   1980   2920   5950   4800   1260    679    430
 18      376    293    289    298    686   1780   2860   5490   3920   1220    651    442
 19      359    289    302    305    631   2030   3100   5180   3400   1210    636    427
 20      389    283    300    317    640   1840   3150   5400   3180   1170    606    433
 21      366    287    306    305    781   1590   3280   4800   2940   1160    628    429
 22      374    281    297    324    810   1620   3100   3940   2770   1100    605    406
 23      347    294    294    314    896   2130   2920   3620   2660   1070    586    421
 24      340    294    271    311    704   2260   2810   3670   2540   1060    593    427
 25      348    303    333    299    640   2150   2910   3860   2370   1020    590    443
 26      354    288    289    307    803   2180   2900   3520   2230    977    575    513
 27      353    308    285    365    860   2010   2760   4460   2170    970    551    495
 28      348    334    282    408    904   1920   2760   5530   2120    960    564    441
 29      343           289    438    946   2100   3210   5080   2100    922    559    441
 30      365           295    485   1020   2260   3110   6020   2030    898    541    433
 31      353           321          1060          3150   4680           905           420

Min      340    281    271    290    406    542   2340   3010   2030    898    541    406    271
Mean     394    310    305    348    654   1640   3300   4750   3860   1360    689    463   1510
Max      490    344    392    546   1060   2440   5470   6020   6460   1950    867    532   6460

