Station number: 450
Location:       Narayan Ghat                                                      Latitude: 27 42 30
River:          Narayani                                                         Longitude: 84 25 50

Year:           2001

                                    Mean daily discharge in m3/s
                                    ============================

Day     Jan.   Feb.   Mar.   Apr.   May    Jun.   Jul.   Aug.   Sep.   Oct.   Nov.   Dec.   Year
 01      404    341    261    233    370    657   2850   6840   4870   1960    964    624
 02      400    340    264    238    548    725   2590   5980   5030   1970    959    620
 03      400    328    256    236    584   1500   2570   6010   4880   1970    962    579
 04      401    328    258    226    582   1930   2510   5710   4580   2080    949    558
 05      388    326    263    226    466   2190   2660   4470   5740   1970    907    603
 06      373    328    242    228    413   2030   2330   4030   5540   1860    895    589
 07      376    323    244    227    622   1700   2250   3410   4760   1780    883    555
 08      370    320    234    225    515   1540   2240   3520   4930   1760    850    560
 09      370    320    243    217    665   1490   2200   3830   4760   1770    826    558
 10      369    311    251    214    696   1360   2450   3740   4270   1820    826    558
 11      366    311    255    212    747   1340   3140   3600   4320   1820    820    555
 12      364    306    239    214    505   1400   3000   3510   3890   1570    811    548
 13      361    310    246    245    570   1660   2910   4170   3960   1500    808    525
 14      357    296    235    279    398   1850   3110   4310   4200   1550    793    501
 15      351    301    241    300    404   1830   4320   4080   3530   1480    759    494
 16      358    297    249    301    467   2070   6920   4350   3330   1380    744    489
 17      353    301    241    302    463   2380   7000   3920   3060   1270    744    475
 18      347    275    233    300    512   2400   4430   5080   3040   1390    729    467
 19      343    277    237    304    557   2140   3800   8040   2740   1340    719    461
 20      343    275    230    312    494   2750   4130   6260   2590   1280    706    459
 21      331    277    230    291    600   3080   3670   5800   2470   1250    695    463
 22      328    284    246    290    616   2860   3790  10200   2380   1210    681    470
 23      326    278    250    285    630   3020   3600  10900   2350   1190    673    467
 24      323    270    247    290    592   2930   3250   8940   2380   1160    667    458
 25      312    287    229    305    788   2870   3990   7080   2310   1140    661    449
 26      315    330    229    326   1000   2640   4320   5800   2260   1100    661    442
 27      323    314    229    362   1040   2630   4210   5490   2190   1070    657    424
 28      336    282    223    382    799   2660   4010   6160   2060   1030    649    416
 29      335           227    347    769   2730   6210   5560   1980   1020    641    410
 30      336           246    403   1180   2760   8030   5070   1930   1000    631    425
 31      336           237           614          8040   4530           982           474

Min      312    270    223    212    370    657   2200   3410   1930    982    631    410    212
Mean     355    305    242    277    619   2100   3890   5490   3540   1470    776    506   1630
Max      404    341    264    403   1180   3080   8040  10900   5740   2080    964    624  10900

