Station number: 450
Location:       Narayan Ghat                                                      Latitude: 27 42 30
River:          Narayani                                                         Longitude: 84 25 50

Year:           2004

                                    Mean daily discharge in m3/s
                                    ============================

Day     Jan.   Feb.   Mar.   Apr.   May    Jun.   Jul.   Aug.   Sep.   Oct.   Nov.   Dec.   Year
 01      457    322    285    278    450   1050   2240   4470   3640   2470    895    573
 02      393    298    283    273    424   1020   2100   4850   3630   2520    939    553
 03      397    343    282    244    384   1170   2710   4640   4060   3160    883    525
 04      395    324    282    275    349   1050   2630   4240   3960   2540    846    542
 05      437    329    270    311    332   1090   2340   3910   3510   2370    824    545
 06      418    308    268    321    316    923   3160   3710   3130   2190    873    507
 07      397    350    269    308    327    909   3140   3580   2970   2200    850    508
 08      360    309    271    308    300    899   3690   4160   2750   2230    814    527
 09      387    301    261    353    463   1040   3670   4100   3170   2060    734    512
 10      345    299    261    370    350    866   3600   4020   5040   1860    788    528
 11      394    287    263    362    485    995   4340   3740   3710   1740    754    508
 12      336    277    259    363    393   1010   3940   3630   3730   1720    754    497
 13      377    288    259    361    436   1110   4930   3380   3060   1660    748    477
 14      352    272    258    367    528   1280   4260   3430   3510   1530    750    473
 15      349    279    260    353    517   1330   3550   3390   3680   1550    692    480
 16      365    274    272    347    525   1630   3380   3930   3100   1430    687    488
 17      381    285    276    339    507   1830   3540   4220   2830   1430    675    442
 18      337    267    271    407    503   2510   5110   4460   2760   1380    660    442
 19      348    278    267    393    995   2540   5840   4990   2580   1310    652    435
 20      337    277    333    373   1420   2290   5260   7020   2640   1270    658    443
 21      333    278    321    345   1530   2620   4380   6110   2640   1240    647    442
 22      353    256    335    384   1050   3240   4200   4590   2500   1200    665    431
 23      363    287    333    452    941   3120   3540   3810   2300   1180    663    413
 24      393    292    336    461   1040   2720   3670   3380   2140   1180    696    407
 25      450    284    340    392    830   2230   4450   3150   2060   1160    642    395
 26      431    284    329    376    807   2010   4380   3010   2140   1060    652    393
 27      367    299    323    336    803   1840   4750   2950   1970   1040    603    393
 28      380    288    309    384    789   1780   4800   2840   1950    957    545    368
 29      376    279    294    558    773   1910   4990   2940   2360    946    552    379
 30      348           293    388    733   2110   4540   3420   2110    930    582    362
 31      321           284           725          4560   3500           878           404

Min      321    256    258    244    300    866   2100   2840   1950    878    545    362    244
Mean     377    294    289    359    646   1670   3920   3980   2990   1630    724    464   1450
Max      457    350    340    558   1530   3240   5840   7020   5040   3160    939    573   7020

