Station number: 450
Location:       Narayan Ghat                                                      Latitude: 27 42 30
River:          Narayani                                                         Longitude: 84 25 50

Year:           1983

                                    Mean daily discharge in m3/s
                                    ============================

Day     Jan.   Feb.   Mar.   Apr.   May    Jun.   Jul.   Aug.   Sep.   Oct.   Nov.   Dec.   Year
 01      302    238    191    175    383    537   2260   3530   4250   2430   1240    587
 02      297    236    188    180    311    566   3010   5730   4300   2280   1220    574
 03      305    229    195    192    288    868   2620   4170   4290   2410   1190    557
 04      293    222    194    188    335    984   2790   4000   4570   2330   1170    542
 05      284    215    187    175    362    970   2590   3660   4450   2180   1110    535
 06      284    221    182    177    479    876   2310   3930   4980   2100   1080    525
 07      277    216    178    187    422    820   1900   3880   4740   1910   1050    516
 08      277    213    176    182    441    843   1710   3920   4640   1840   1030    498
 09      275    213    182    182    503    766   1660   4260   4520   2240    990    489
 10      269    206    192    174    406    645   1860   3690   4600   2270    977    491
 11      264    203    195    174    424    553   1710   3980   4330   2390    969    484
 12      263    207    198    174    568    562   1500   4330   6130   4310    959    472
 13      260    200    189    169    692    508   1530   4880   3850   4130    922    463
 14      260    200    185    211    448    450   1880   4680   3610   2900    898    441
 15      258    198    195    195    532    548   3060   3830   3560   2420    881    447
 16      251    196    212    182    668    586   3540   3920   3490   2310    864    433
 17      243    192    201    175    589    578   9300   3840   4520   2150    836    439
 18      248    188    194    170    620    683   3770   3880   3980   1980    806    425
 19      242    188    188    187    499    646   3360   3630   4720   1880    782    420
 20      246    185    202    192    505    665   3930   3560   5520   1790    768    410
 21      243    184    201    177    560    778   3760   3460   5030   1680    744    407
 22      233    210    210    170    645    883   3470   3250   4440   1660    729    398
 23      241    206    195    177    820    930   3140   3250   4420   1570    712    394
 24      234    204    187    201    719    980   3200   3400   4240   1590    695    384
 25      232    196    178    199    608    869   3230   3920   4090   1530    671    375
 26      228    195    184    244    523    891   4480   3930   3940   1480    655    409
 27      227    201    188    220    517   1540   4430   4060   3200   1440    635    496
 28      231    192    180    281    498   2240   3940   3570   2910   1400    649    427
 29      266           174    325    528   2590   3800   4690   2720   1350    616    407
 30      264           170    369    543   2390   3680   4380   2600   1320    601    395
 31      248           173           542          3480   3990          1270           390

Min      227    184    170    169    288    450   1500   3250   2600   1270    601    375    169
Mean     260    206    189    200    515    925   3130   3980   4220   2080    882    459   1420
Max      305    238    212    369    820   2590   9300   5730   6130   4310   1240    587   9300

