Station number: 450
Location:       Narayan Ghat                                                      Latitude: 27 42 30
River:          Narayani                                                         Longitude: 84 25 50

Year:           1993

                                    Mean daily discharge in m3/s
                                    ============================

Day     Jan.   Feb.   Mar.   Apr.   May    Jun.   Jul.   Aug.   Sep.   Oct.   Nov.   Dec.   Year
 01      355    310    267    243    481    734   2600   4080   4640   2560   1070    603
 02      364    303    257    243    640    893   2760   4380   3970   2380   1040    595
 03      360    295    258    229    676    831   2460   7040   4180   2270   1080    564
 04      357    294    261    226    719    863   2690   6620   4070   2160   1030    553
 05      354    292    267    224    763   1100   2490   5930   4380   2120    967    555
 06      345    282    256    235    711    957   2660   7280   7750   2100    972    551
 07      356    284    242    229    839   1240   2430   6260   6820   2090    964    564
 08      376    297    241    241    746   1010   2600   5030   4820   2080    930    530
 09      372    297    248    234    719   1070   2340   6220   4400   2080    922    534
 10      358    300    251    251    745   1020   2780  10300   4000   2070    907    506
 11      347    310    238    250    637   1070   2640   6040   3860   2050    903    503
 12      349    325    233    273    616   1250   2750   4670   3330   2040    864    511
 13      351    329    233    275    513   1320   2330   4150   3130   2020    862    504
 14      334    317    233    293    517   1260   2780   3860   3150   1810    838    464
 15      340    306    234    296    544   1260   2750   4080   2980   1700    784    467
 16      328    296    248    304    576   1300   3170   3960   3000   1650    824    455
 17      332    314    228    307    717   1460   3220   4420   3040   1630    804    446
 18      328    325    224    354    685   1470   3220   3930   2750   1580    773    442
 19      324    328    229    335    575   2080   3500   5470   2590   1520    782    446
 20      309    296    230    328    577   1760   6330   5160   2480   1460    753    441
 21      317    285    219    338    560   1480   2880   4710   2440   1410    742    430
 22      316    287    214    347    471   1370   3040   5280   2760   1340    721    421
 23      305    275    219    463    470   1810   3140   4360   2720   1270    689    403
 24      321    255    224    491    480   1810   2930   4920   4220   1230    665    407
 25      300    281    244    470    680   2340   2920   5950   4710   1240    649    394
 26      308    281    295    438    650   1800   3280   4400   3910   1220    649    400
 27      307    273    351    422    923   2220   3450   3860   3380   1210    643    422
 28      311    280    287    409    837   2230   3500   3990   3250   1170    618    400
 29      314           262    598    748   2010   4220   3800   2900   1130    626    388
 30      303           249    523    783   2020   3980   4120   2670   1100    620    421
 31      308           243           653          4080   4910          1090           394

Min      300    255    214    224    470    734   2330   3800   2440   1090    618    388    214
Mean     334    297    248    329    653   1440   3090   5140   3740   1700    823    475   1520
Max      376    329    351    598    923   2340   6330  10300   7750   2560   1080    603  10300

