Station number: 450
Location:       Narayan Ghat                                                      Latitude: 27 42 30
River:          Narayani                                                         Longitude: 84 25 50

Year:           1980

                                    Mean daily discharge in m3/s
                                    ============================

Day     Jan.   Feb.   Mar.   Apr.   May    Jun.   Jul.   Aug.   Sep.   Oct.   Nov.   Dec.   Year
 01      316    201    213    174    250    495   3100   7000   6140   2160    856    475
 02      318    199    239    172    192    734   3780   5910   4840   2100    821    467
 03      290    194    205    168    412    613   3140   6980   4380   2130    817    460
 04      288    218    201    170    428    870   2790   6220   3660   1840    835    451
 05      285    217    206    171    524    764   2590   6100   4320   1730    804    439
 06      281    208    212    174    524    751   3290   5540   8160   1740    787    427
 07      287    194    250    182    533    856   3210   6240   6220   1720    774    418
 08      283    194    210    175    470    970   3760   6860   6610   1770    760    414
 09      274    189    194    205    416   5220   3680   6070   5030   1690    747    409
 10      263    188    195    212    444   2530   4580   5180   5790   1520    725    400
 11      255    194    196    204    490   1600   4590   5180   3890   1500    719    387
 12      248    189    178    196    423   2110   3440   4790   3580   1500    693    378
 13      244    182    166    223    349   1760   3160   5400   4100   1460    684    370
 14      247    187    176    220    331   1520   4090   4510   3630   1390    672    362
 15      240    181    172    217    353   1390   4050   4220   3460   1360    657    366
 16      239    182    169    218    396   1380   5070   3600   3280   1300    596    357
 17      239    180    180    211    385   1220   4820   3670   3130   1280    582    362
 18      234    194    174    189    396   1120   4530   3690   3190   1250    616    351
 19      228    178    163    208    430   1300   4170   3410   3100   1230    619    349
 20      230    184    170    259    480   1260   4940   3370   2960   1200    602    355
 21      228    181    169    330    537   1770   4870   3810   3400   1160    587    347
 22      224    180    182    470    665   1900   4390   4630   3050   1130    590    337
 23      218    178    220    565    498   1940   5140   4320   2760   1110    571    331
 24      216    208    206    369    432   2150   4920   4660   2650   1110    536    330
 25      218    206    178    374    485   2480   5330   4220   2460   1110    526    331
 26      216    188    185    374    528   2290   4490   4080   2370   1050    520    322
 27      210    187    177    347    488   2890   4170   4140   2280    996    518    314
 28      211    184    172    309    405   2760   5370   4970   2320    962    505    307
 29      214    188    172    314    362   2630   5070   3550   2250    932    495    297
 30      199           168    309    382   2220   7550   3500   2180    921    487    292
 31      204           173           444          7390   2980           899           288

Min      199    178    163    168    192    495   2590   2980   2180    899    487    288    163
Mean     247    191    189    257    434   1720   4370   4800   3840   1400    657    371   1540
Max      318    218    250    565    665   5220   7550   7000   8160   2160    856    475   8160

