Station number: 450
Location:       Narayan Ghat                                                      Latitude: 27 42 30
River:          Narayani                                                         Longitude: 84 25 50

Year:           1997

                                    Mean daily discharge in m3/s
                                    ============================

Day     Jan.   Feb.   Mar.   Apr.   May    Jun.   Jul.   Aug.   Sep.   Oct.   Nov.   Dec.   Year
 01      395    333    283    325    496    548   3870   3650   2660   1640    815    525
 02      395    327    281    358    487    546   2870   3870   2640   1600    788    601
 03      385    316    289    348    535    523   2700   3480   2640   1520    779    559
 04      379    319    306    388    449    511   2540   3410   2510   1500    761    511
 05      395    326    288    353    441    504   3880   3940   2490   1410    764    489
 06      382    317    272    343    444    548   3850   3510   2720   1350    727    471
 07      373    315    267    289    425    636   3980   3250   2500   1320    725    469
 08      368    320    272    273    430    705   4920   3360   2700   1190    708    456
 09      372    338    282    282    456    714   5180   3170   2360   1180    693    478
 10      360    319    280    319    445    828   3830   3890   2500   1270    741   1060
 11      363    323    282    337    445    934   4790   4300   2540   1200    687   1460
 12      360    289    358    323    442    944   4750   5290   2740   1170    622    860
 13      350    282    310    294    439    908   4280   6040   3160   1160    618    683
 14      353    283    301    304    430   1070   4350   5720   2850   1100    616    810
 15      353    284    293    364    428   1070   4380   5260   3010   1060    620    871
 16      336    285    282    361    431   1570   4430   4330   2900   1030    589    700
 17      338    275    270    350    427   1340   4450   4380   2710   1010    591    631
 18      335    275    282    341    410   1440   4290   5750   2530    974    571    597
 19      337    270    276    293    403   1520   4190   5230   2440    939    578    586
 20      351    269    295    293    450   1350   4260   4110   2300    959    597    574
 21      417    269    304    290    491   1220   4470   3510   2440    927    569    567
 22      388    263    298    288    468   1540   4560   3230   2310    939    570    564
 23      366    269    288    351    501   1950   4360   3150   2060    907    558    527
 24      364    266    266    327    498   1830   4010   3090   1940    886    567    539
 25      349    265    264    353    487   1810   3600   2760   1880   1040    516    530
 26      351    267    254    410    461   2060   3200   2740   1810    980    548    506
 27      352    271    255    413    447   2240   3460   2510   1830    920    614    427
 28      340    293    249    439    485   2410   3720   2410   1910    905    562    425
 29      337           253    441    671   3060   3440   2520   1820    881    556    450
 30      330           292    545    639   2870   3730   2560   1710    890    529    486
 31      323           376           653          3580   2530           841           452

Min      323    263    249    273    403    504   2540   2410   1710    841    516    425    249
Mean     361    294    286    346    475   1310   4000   3770   2420   1120    639    609   1300
Max      417    338    376    545    671   3060   5180   6040   3160   1640    815   1460   6040

