Station number: 450
Location:       Narayan Ghat                                                      Latitude: 27 42 30
River:          Narayani                                                         Longitude: 84 25 50

Year:           1988

                                    Mean daily discharge in m3/s
                                    ============================

Day     Jan.   Feb.   Mar.   Apr.   May    Jun.   Jul.   Aug.   Sep.   Oct.   Nov.   Dec.   Year
 01      465    351    334    337    498   1060   2110   6770   4520   1930    996    625
 02      460    356    331    318    705    922   3600   7640   4440   1870    979    625
 03      468    350    308    326    579    814   2810   5020   4280   1820    970    623
 04      467    350    307    331    626    740   2830   4350   4120   1790    970    623
 05      452    347    310    340    490    693   4620   4840   4010   1740    977    618
 06      443    347    320    346    503    719   6680   4160   4150   1760    977    620
 07      437    356    314    376    425    685   4490   6600   5240   1640    910    620
 08      430    358    321    419    426    721   3760   5450   6830   1650    884    610
 09      425    350    371    450    550    714   4560   5110   6870   1600    873    605
 10      422    343    387    432    582    843   4600   5990   5060   1510    857    597
 11      424    347    344    401    638    698   4240   5930   3990   1480    836    588
 12      420    340    356    415    553   1470   5910   6290   3440   1430    823    579
 13      414    344    403    419    530   1610   6310   5930   3110   1400    814    574
 14      416    344    348    478    594   1430   5050   5560   2960   1380    808    561
 15      413    340    335    480    603   1580   4470   4990   2820   1340    797    549
 16      406    342    330    416    590   1510   4780   5950   2840   1320    779    550
 17      393    336    331    457    597   1910   4230   5510   2740   1290    775    536
 18      393    331    320    509    734   1750   4700   6000   2900   1260    767    526
 19      388    320    319    436    862   1870   4410   7080   2760   1240    752    531
 20      387    320    366    450    870   1630   3900   6370   2530   1220    734    520
 21      390    323    346    462    748   1980   4000   6200   2460   1220    717    518
 22      381    339    319    440    713   1880   4780   5990   2400   1210    707    509
 23      376    332    309    417    720   1850   5110  11400   2360   1160    697    502
 24      380    332    313    449    786   2270   4750   8290   2330   1160    685    501
 25      365    351    317    431    781   2200   5130   6550   2190   1150    677    497
 26      362    334    322    425    800   2040   6130   7210   2220   1130    661    745
 27      359    324    326    419    970   2010   5890   6680   2170   1100    655    876
 28      352    320    343    397    966   2350   6290   6840   2210   1070    642    629
 29      352    334    312    462   1160   2130   5400   6690   2140   1050    633    576
 30      352           312    419   1040   2060   4780   5650   1980   1020    629    559
 31      348           329          1000          6580   4940          1010           545

Min      348    320    307    318    425    685   2110   4160   1980   1010    629    497    307
Mean     405    340    332    415    698   1470   4740   6190   3400   1380    799    585   1730
Max      468    358    403    509   1160   2350   6680  11400   6870   1930    996    876  11400

