Station number: 450
Location:       Narayan Ghat                                                      Latitude: 27 42 30
River:          Narayani                                                         Longitude: 84 25 50

Year:           1964

                                    Mean daily discharge in m3/s
                                    ============================

Day     Jan.   Feb.   Mar.   Apr.   May    Jun.   Jul.   Aug.   Sep.   Oct.   Nov.   Dec.   Year
 01      491    407    318    293    611    411   2330   5650   5580   2600   1280    656
 02      496    402    318    300    679    457   2350   4760   4420   2420   1260    650
 03      570    402    323    293    578    526   2410   4100   4270   2280   1220    633
 04      553    402    304    316    605    562   2440   6810   3750   1860   1180    616
 05      530    402    329    296    650    573   2260   5230   3540   1740   1150    611
 06      508    402    323    289    633    557   2560   4240   3390   1810   1130    605
 07      497    396    323    300    536    562   2660   3930   3470   1570   1100    594
 08      480    396    293    324    511    578   2520   3750   3300   1880   1080    589
 09      469    396    293    357    491    562   2870   3560   3260   1420   1070    589
 10      458    396    293    345    521    589   3530   3360   3400   1260   1050    589
 11      441    390    300    353    521    656   3580   3740   3270   1180   1030    583
 12      435    349    304    388    467    756   4060   3700   2990   1860   1010    578
 13      430    345    308    406    501    875   3520   3600   2790   1940    991    573
 14      430    341    300    429    611   1050   3170   4320   2870   1850    977    567
 15      424    362    289    438    552   1590   3600   5030   3660   1780    956    562
 16      424    418    285    420    491   2030   3830   5690   3970   1790    936    557
 17      424    362    289    384    486   1620   3800   5260   3330   1910    915    546
 18      424    341    281    384    511   1280   3700   4750   3270   1920    889    541
 19      418    341    281    357    506   1310   3570   5000   3750   1830    862    541
 20      418    374    277    349    457   1330   3530   4500   3360   1740    849    541
 21      418    357    293    371    546   1440   3660   3980   3330   1720    793    536
 22      418    316    293    353    531   2010   5100   3900   2990   1700    756    531
 23      418    316    277    393    594   2270   5160   4670   2750   1680    738    526
 24      418    368    281    388    476   1950   6830   4140   2790   1660    720    521
 25      418    357    289    357    438   2020   6860   3750   3490   1660    702    516
 26      418    340    289    393    420   2290   5550   3540   3900   1660    685    511
 27      418    300    293    406    402   2540   4590   3340   3230   1640    650    506
 28      413    312    293    415    379   2430   4900   3210   3090   1560    644    501
 29      407    318    281    447    371   2480   6490   3090   4050   1510    656    496
 30      407           277    526    371   2460   6130   3600   2750   1330    673    491
 31      407           277           379          5670   5520          1290           486

Min      407    300    277    289    371    411   2260   3090   2750   1180    644    486    277
Mean     448    366    296    369    510   1330   3980   4310   3470   1740    931    559   1520
Max      570    418    329    526    679   2540   6860   6810   5580   2600   1280    656   6860

