Station number: 450
Location:       Narayan Ghat                                                      Latitude: 27 42 30
River:          Narayani                                                         Longitude: 84 25 50

Year:           1994

                                    Mean daily discharge in m3/s
                                    ============================

Day     Jan.   Feb.   Mar.   Apr.   May    Jun.   Jul.   Aug.   Sep.   Oct.   Nov.   Dec.   Year
 01      385    327    301    402    523    937   2660   3590   3220   1840    804    489
 02      381    320    294    342    481    987   2600   3280   3570   1790    804    473
 03      389    310    293    320    640   1130   3030   3110   4900   2130    782    468
 04      382    307    293    279    676    952   2990   2900   3700   1660    771    465
 05      374    309    281    318    719    899   2980   2880   3090   1680    749    452
 06      357    307    291    366    763    879   2660   3350   2960   1630    742    428
 07      389    294    281    335    711    797   2570   3680   2850   1510    714    436
 08      367    293    293    328    839    903   2760   3210   2680   1450    704    433
 09      365    316    277    301    746   1040   2740   4290   2940   1420    681    428
 10      365    383    270    274    719   1280   2740   4560   2940   1410    667    420
 11      357    346    252    264    745   1180   3010   5820   3650   1390    661    414
 12      344    322    246    254    637   1130   3000   4860   3290   1360    641    407
 13      360    319    273    247    616   1390   3130   4150   3480   1370    639    398
 14      354    312    276    275    513   1510   2680   4880   3850   1310    618    396
 15      350    304    371    293    396   1720   2790   4510   4350   1240    592    396
 16      402    297    314    296    371   1980   2420   4680   4140   1140    595    396
 17      427    303    305    304    353   2710   2370   3680   3240   1120    584    382
 18      392    307    288    307    360   2350   2310   3740   3180   1070    553    379
 19      364    292    290    354    387   2700   3070   3730   3070   1070    560    379
 20      374    283    321    335    380   2500   3230   3600   3990   1060    527    357
 21      356    288    403    328    387   2680   3340   3900   3160   1050    516    360
 22      346    294    318    338    517   3600   3160   3680   2820   1000    522    351
 23      332    315    301    347    536   3540   3640   4100   2600    962    499    355
 24      350    297    278    463    869   3260   3670   4220   2520    972    511    343
 25      344    295    272    491   1070   2710   3900   6130   2340    964    494    344
 26      340    288    360    470    922   2920   3790   5780   2200    927    487    335
 27      345    275    300    438    811   2510   6620   5160   2120    917    486    334
 28      348    307    294    422    802   2260   5850   4870   2010    883    474    337
 29      337           315    409    826   2600   4670   4600   2010    888    476    334
 30      332           322    598    908   2490   4480   3860   1890    888    498    329
 31      329           332           957          4150   3530           867           334

Min      329    275    246    247    353    797   2310   2880   1890    867    474    329    246
Mean     363    307    300    350    651   1920   3320   4140   3090   1260    612    392   1390
Max      427    383    403    598   1070   3600   6620   6130   4900   2130    804    489   6620

