Station number: 450
Location:       Narayan Ghat                                                      Latitude: 27 42 30
River:          Narayani                                                         Longitude: 84 25 50

Year:           1970

                                    Mean daily discharge in m3/s
                                    ============================

Day     Jan.   Feb.   Mar.   Apr.   May    Jun.   Jul.   Aug.   Sep.   Oct.   Nov.   Dec.   Year
 01      379    304    277    234    471    393   2220   7110   2990   2500   1170    594
 02      375    300    277    224    491    501   2470   5900   2770   2340   1150    583
 03      371    289    259    217    462    750   2330   6040   2480   2210   1130    573
 04      366    285    251    214    411   1330   2410   5900   2860   2160   1110    567
 05      362    281    241    214    447    875   2330   4950   2770   2070   1020    562
 06      357    277    237    217    521    679   2460   6060   2660   1990    991    557
 07      349    273    234    241    496    600   2500   6840   2570   2020    970    552
 08      345    266    230    255    429    583   2720   6920   2480   1990    943    541
 09      341    262    227    244    406    578   3000   5810   2450   1860    909    536
 10      333    266    227    234    415    738   3380   5880   2350   1770    882    531
 11      333    259    227    230    447    799   3260   5600   2450   1710    849    526
 12      328    251    244    230    476   1100   3650   5570   2490   1660    818    521
 13      333    259    266    255    486   1140   5770   5550   2550   1620    805    521
 14      333    255    244    289    536   1260   7050   4900   2580   1600    805    511
 15      328    251    244    320    622   1330   5840   4200   2490   1580    818    506
 16      324    251    241    388    726   1710   8800   4270   2480   1540    799    501
 17      320    255    234    611    818   3540   7110   4530   2410   1460    780    496
 18      316    251    234    438    750   6110   4780   4090   2290   1420    768    496
 19      316    251    234    341    628   4890   4030   3440   2410   1410    744    481
 20      308    300    237    293    578   2310   5980   3780   2620   1400    732    471
 21      333    293    237    300    691   2170   5930   3210   2720   1350    702    467
 22      388    296    224    333    622   2090   5330   3120   2680   1330    691    467
 23      345    341    217    379    531   2280   4900   3330   3120   1330    662    462
 24      328    296    224    424    501   2210   5160   3750   3460   1310    650    457
 25      324    281    230    375    486   2030   4440   5450   3290   1310    639    447
 26      320    266    230    462    496   2070   5620   4980   3340   1270    628    442
 27      337    259    230    662    457   2070   5900   3800   3430   1240    628    433
 28      337    255    248    662    471   2320   5230   4230   3320   1220    628    429
 29      312           262    578    424   2360   5400   4100   3030   1200    622    424
 30      308           277    516    375   2440   5880   3730   2750   1190    611    420
 31      304           251           375          6900   3390          1190           420

Min      304    251    217    214    375    393   2220   3120   2290   1190    611    420    214
Mean     337    274    242    346    518   1780   4610   4850   2740   1620    822    500   1550
Max      388    341    277    662    818   6110   8800   7110   3460   2500   1170    594   8800

