Station number: 450
Location:       Narayan Ghat                                                      Latitude: 27 42 30
River:          Narayani                                                         Longitude: 84 25 50

Year:           2005

                                    Mean daily discharge in m3/s
                                    ============================

Day     Jan.   Feb.   Mar.   Apr.   May    Jun.   Jul.   Aug.   Sep.   Oct.   Nov.   Dec.   Year
 01      388    312    248    230    336    670   2100   3630   2590   1460    961    508
 02      385    324    247    226    322    603   2520   3460   2670   1390   1000    500
 03      386    301    245    225    323    543   2850   3080   2570   1420    930    503
 04      368    359    243    216    336    503   3020   3560   2900   1600    900    500
 05      351    337    236    201    382    510   3120   3600   2800   1440    839    487
 06      369    307    231    224    408    547   3980   4050   3080   1670    801    475
 07      343    302    231    246    420    518   3540   5300   2900   1480    792    462
 08      357    285    233    302    428    530   2880   4280   2540   1510    804    457
 09      349    280    235    270    431    488   2090   3480   3370   1390    804    463
 10      335    274    235    242    498    525   2690   3020   2740   1270    800    462
 11      329    268    239    234    469    628   4100   2840   2370   1210    780    440
 12      332    272    259    219    482    950   3360   3290   2200   1210    802    442
 13      345    273    254    219    406    846   3340   3780   2040   1160    772    417
 14      322    272    236    230    400    916   4690   3340   1980   1110    754    397
 15      318    271    243    238    393   1040   4170   4120   2020   1060    737    340
 16      318    267    241    254    310   1120   3620   4450   1780   1050    741    412
 17      318    267    242    293    423   1210   4510   5000   1670    955    740    404
 18      398    263    249    282    447   1170   5200   4500   1710    920    705    370
 19      410    258    249    349    517   1070   4530   7590   1660    927    683    367
 20      379    253    286    285    500    991   3900   6440   1620   1180    680    389
 21      372    246    345    275    467   1170   4140   5360   2140   2500    637    374
 22      377    249    278    273    493   1570   3800   5280   2250   1800    635    380
 23      366    264    311    287    647   1580   3720   5120   2520   1550    622    374
 24      390    256    271    356    786   1540   3780   4810   1870   1370    580    365
 25      426    254    248    557    755   1400   4180   5130   1780   1240    517    354
 26      386    249    241    410    720   1350   4820   4700   1720   1190    520    372
 27      399    244    244    404    754   1810   4360   5050   1610   1150    602    355
 28      351    244    238    413    801   1980   4830   4020   2280   1100    575    342
 29      320           239    375    700   2260   4210   3180   1510   1030    532    351
 30      325           242    373    699   2020   3940   2820   1480   1000    527    333
 31      340           236           692          3260   2750           960           328

Min      318    244    231    201    310    488   2090   2750   1480    920    517    328    201
Mean     360    277    251    290    508   1070   3720   4230   2210   1300    726    410   1280
Max      426    359    345    557    801   2260   5200   7590   3370   2500   1000    508   7590

