Station number: 450
Location:       Narayan Ghat                                                      Latitude: 27 42 30
River:          Narayani                                                         Longitude: 84 25 50

Year:           1977

                                    Mean daily discharge in m3/s
                                    ============================

Day     Jan.   Feb.   Mar.   Apr.   May    Jun.   Jul.   Aug.   Sep.   Oct.   Nov.   Dec.   Year
 01      359    315    276    351    685   1390   2660   5430   6380   1480    895    503
 02      359    312    273    355    830   1430   2420   4780   4920   1480    881    492
 03      355    312    269    363    843   1440   2630   6810   4680   1790    954    498
 04      355    308    269    388    746   1600   2710   8360   4570   1670   1300    492
 05      347    312    269    470    830   1340   3560   5380   3780   1630   1130    498
 06      347    312    269    456    777   1200   4020   5100   3230   1640    881    498
 07      343    312    266    451    777   1310   3500   4620   3840   1560    852    523
 08      347    308    266    437    746   1230   3610   5520   3670   1420    845    472
 09      347    305    280    441    830   1080   4160   5200   3260   1410    811    487
 10      355    305    287    446    843   1140   4810   4860   3230   1260    791    453
 11      355    305    290    470    758   1120   4640   5690   3340   1460    824    444
 12      355    301    283    475    685   1010   3650   4620   3290   1450    797    434
 13      343    301    276    685    746    884   4400   7190   3030   1310    744    449
 14      343    301    283    655    715   1130   4500   9590   2870   1100    731    449
 15      343    301    280    697    777   1150   3690   9210   2980   1120    712    439
 16      339    305    276    685    765   1040   3990   7560   2680   1210    657    430
 17      335    308    276    715    697          3990   6980   2330   1160    657    425
 18      331    305    280    588    703   1040   4170   6490   2010   1110    657    407
 19      327    305    273    709    797   1060   4640   5930   2050   1110    633    425
 20      327    305    273    691    703   1470   5260   5550   2140   1080    599    389
 21      335    294    266    727    667   1320   5520   5790   2070   1060    587    372
 22      339    290    262    703    715   2060   4640   6090   1960   1050    587    351
 23      335    287    266    667    765   2270   4710   6090   2100    992    576    372
 24      331    283    283    567    790   2150   4970   5880   1810    954    576    372
 25      339    283    287    668    765   2150   4890   6530   1860    910    576    372
 26      355    283    287    715    843   2340   5070  10000   1710    895    576    372
 27      339    280    280    777    850   2440   5480  10100   1660    895    576    385
 28      339    276    283    746    864   2250   4860   8650   1670    910    571    380
 29      327           280    746    941   2130   4420  10700   1630    910    544    425
 30      319           280    644   1350   2480   5180   9190   1630    874    498    403
 31      315           305          1440          3670   7320           817           398

Min      315    276    262    351    667    884   2420   4620   1630    817    498    351    262
Mean     341    300    277    583    814   1520   4210   6820   2880   1220    734    433   1680
Max      359    315    305    777   1440   2480   5520  10700   6380   1790   1300    523  10700

