Station number: 450
Location:       Narayan Ghat                                                      Latitude: 27 42 30
River:          Narayani                                                         Longitude: 84 25 50

Year:           1999

                                    Mean daily discharge in m3/s
                                    ============================

Day     Jan.   Feb.   Mar.   Apr.   May    Jun.   Jul.   Aug.   Sep.   Oct.   Nov.   Dec.   Year
 01      475    379    314    332    558    986   3090   4940   5930   3170   1280    822
 02      466    377    309    354    539    843   3710   4650   5080   3020   1280    808
 03      501    375    312    340    486    742   7980   3680   5440   3280   1250    808
 04      479    376    300    305    481    659   8180   3560   4750   3020   1250    811
 05      489    377    307    309    503    591   4400   3880   4130   3070   1210    813
 06      474    372    320    300    560    558   3330   3540   4090   3460   1130    808
 07      464    366    311    300    586    559   3580   3310   3680   3120   1110    793
 08      455    354    315    299    586    573   3220   3120   3860   2890   1120    797
 09      452    345    315    323    592    567   3070   3500   5080   2650   1120    770
 10      468    345    301    347    549    945   3000   3520   5470   2480   1100    777
 11      477    354    304    335    509    959   6390   3540   4580   2470   1080    742
 12      467    345    301    350    621   1420   4110   3670   4110   2260   1030    710
 13      456    331    294    398    523   7300   3800   5730   4020   2060    985    626
 14      442    328    290    419    534   3580   3510   6880   3830   1970    907    591
 15      441    337    288    431    560   2160   3240   6200   3570   1880    912    578
 16      442    333    296    392    481   2020   3320   4680   3430   1810    897    564
 17      438    334    300    343    441   2730   3170   4180   3210   1740    886    548
 18      433    331    296    353    430   2110   4760   4440   3140   1730    905    564
 19      427    331    292    340    465   2200   4570   4540   3110   1760    898    557
 20      418    329    299    331    447   2320   4780   5050   2970   1760    878    553
 21      415    329    299    379    430   2280   5040   4420   3660   1660    878    555
 22      416    321    300    432    510   2460   4390   5060   3010   1580    871    548
 23      394    314    296    521   1050   2320   4320   6490   3110   1500    878    548
 24      403    319    294    556   1160   2700   4810   5970   3040   1570    876    542
 25      397    325    290    520   1360   3200   6740   7990   3130   1540    864    539
 26      386    328    294    506   1260   2820   7120  10100   3090   1510    845    535
 27      388    326    289    516   2080   2960   5920  12100   3160   1450    831    534
 28      386    328    287    510   1790   3120   6330   6250   3190   1380    833    534
 29      388           284    527   2050   2820   5270   5910   3230   1330    822    535
 30      377           291    533   1620   2850   5030   6570   2940   1280    815    530
 31      383           312          1470          5190   5740          1300           521

Min      377    314    284    299    430    558   3000   3120   2940   1280    815    521    284
Mean     435    343    300    397    814   2040   4690   5270   3840   2120    992    644   1820
Max      501    379    320    556   2080   7300   8180  12100   5930   3460   1280    822  12100

