Station number: 450
Location:       Narayan Ghat                                                      Latitude: 27 42 30
River:          Narayani                                                         Longitude: 84 25 50

Year:           2006

                                    Mean daily discharge in m3/s
                                    ============================

Day     Jan.   Feb.   Mar.   Apr.   May    Jun.   Jul.   Aug.   Sep.   Oct.   Nov.   Dec.   Year
 01      323    285    238    177    290   1220   2020   2500   3430   1580    727    415
 02      339    270    224    173    378   1130   2740   2740   2920   1540    707    403
 03      351    268    207    199    386   1040   2050   3220   2630   1510    715    405
 04      347    278    200    210    407   1850   1970   2780   2400   1480    660    397
 05      325    265    228    210    366   1540   2340   3090   2550   1390    668    396
 06      341    249    212    242    325   1630   2600   3570   2180   1320    655    397
 07      306    245    205    239    315   1620   2360   3550   2080   1340    630    386
 08      292    255    195    284    425   1690   2290   3410   2040   1410    615    387
 09      321    255    203    266    442   2100   2600   3480   4170   1290    555    377
 10      305    254    212    288    622   2080   2960   2990   3880   1220    587    355
 11      318    258    213    271    573   2660   3360   2600   3100   1190    615    413
 12      305    239    330    265    711   1900   3500   2320   4140   1190    568    442
 13      295    254    296    248    597   1530   4030   2220   4780   1150    562    390
 14      296    251    243    233    517   1280   3700   2820   3840   1060    562    378
 15      283    239    245    223    597   1020   4990   2600   2910   1090    555    361
 16      309    242    242    369    547    960   4950   2480   2880   1010    565    375
 17      305    236    242    233    557    855   4530   2240   2460    960    520    372
 18      277    233    230    229    520    907   3480   2110   2410    933    515    380
 19      277    232    220    238    573    939   5200   2160   2210    971    513    374
 20      270    230    217    268    602    872   4080   2360   2120    920    512    361
 21      267    234    216    265    777    916   4700   2740   2160    904    518    357
 22      274    228    213    260    839    844   4730   2640   2050    887    505    369
 23      263    229    234    259    823   1140   4080   3320   2650    893    498    346
 24      265    244    200    256    693   1300   3690   2980   2440    906    495    326
 25      247    252    194    325    737   1710   3380   4110   2770    903    467    323
 26      264    237    197    298    971   1710   3320   4360   2280    860    443    338
 27      251    237    199    280   1510   2200   3980   4960   2000    760    455    337
 28      261    241    210    284   1330   2110   3240   5480   1830    721    440    336
 29      265           207    272   1340   2860   2920   4630   1750    700    433    316
 30      268           163    281   2040   2340   2640   4020   1740    700    433    312
 31      279           166          1340          2680   3920           697           308

Min      247    228    163    173    290    844   1970   2110   1740    697    433    308    163
Mean     293    248    219    255    714   1530   3390   3180   2690   1080    556    369   1210
Max      351    285    330    369   2040   2860   5200   5480   4780   1580    727    442   5480

