Station number: 450
Location:       Narayan Ghat                                                      Latitude: 27 42 30
River:          Narayani                                                         Longitude: 84 25 50

Year:           1981

                                    Mean daily discharge in m3/s
                                    ============================

Day     Jan.   Feb.   Mar.   Apr.   May    Jun.   Jul.   Aug.   Sep.   Oct.   Nov.   Dec.   Year
 01      285    245    206    274    529    744   3600   8290   3800   3060    975    510
 02      292    235    195    278    416   1170   3470   6440   3760   2590    956    505
 03      285    226    192    228    400   1090   3610   6220   3850   2360    947    495
 04      285    228    182    212    498   1040   3850   5800   3370   2170   1020    498
 05      283    229    178    243    524   1110   4030   4970   3320   2050   1090    482
 06      285    223    184    217    582    826   3710   4900   3590   1990    939    475
 07      287    230    188    212    582    660   3010   4860   3460   1920    914    465
 08      287    223    199    204    563    607   3720   5060   3550   1820    874    460
 09      278    206    192    202    565    678   2940   4260   4050   1800    870    451
 10      270    204    181    217    596    788   3030   3660   5320   1770    838    441
 11      260    212    174    240    503    807   2670   3700   5090   1670    804    434
 12      257    206    173    292    488    811   3110   4140   3550   1610    774    427
 13      250    206    173    287    438    814   3560   4350   3360   1560    780    418
 14      250    206    175    237    484    881   3510   4720   3050   1520    795    423
 15      247    208    163    301    582    845   3940   4510   3000   1460    762    414
 16      244    208    164    396    871   1380   4100   4080   3030   1430    740    407
 17      245    204    194    458    620   1420   4800   4100   2740   1400    699    400
 18      235    201    189    713    475   1460   4610   3860   2750   1360    687    394
 19      234    195    184    432    593   1460   4930   4860   2710   1350    672    376
 20      230    206    195    343    576   1310   4750   6370   2680   1330    660    374
 21      224    198    205    326    787   1570   5190   5480   2540   1300    627    370
 22      218    194    260    330    706   1670   4580   5130   2320   1280    604    374
 23      216    196    228    436    579   1560   4280   5890   2160   1250    585    370
 24      214    195    191    394    487   1940   4400   5410   2100   1240    576    362
 25      310    201    177    372    420   2040   4120   4660   2050   1210    568    357
 26      320    196    168    364    455   2380   4040   4650   1910   1170    557    355
 27      287    187    170    331    748   2440   7440   4150   1970   1130    550    353
 28      253    189    173    364   1180   2760   6740   3760   2010   1070    544    353
 29      248           168    416    709   3180   5600   3780   8780   1040    542    347
 30      244           189    563    582   4040   5110   3750   4510   1020    528    351
 31      259           240           652          8220   4520          1010           341

Min      214    187    163    202    400    607   2670   3660   1910   1010    528    341    163
Mean     261    209    189    329    587   1450   4340   4850   3350   1580    749    412   1520
Max      320    245    260    713   1180   4040   8220   8290   8780   3060   1090    510   8780

