Station number: 450
Location:       Narayan Ghat                                                      Latitude: 27 42 30
River:          Narayani                                                         Longitude: 84 25 50

Year:           1989

                                    Mean daily discharge in m3/s
                                    ============================

Day     Jan.   Feb.   Mar.   Apr.   May    Jun.   Jul.   Aug.   Sep.   Oct.   Nov.   Dec.   Year
 01      533    497    424    414    427   1190   4200   6980   3720   2470    999    638
 02      523    491    431    433    462   1080   3050   6500   4130   2240    996    623
 03      523    483    428    451    522   1080   3360   5160   3430   2140   1000    610
 04      530    478    410    448    597   1620   3020   4180   3430   2040    994    588
 05      508    480    407    442    618   1310   3360   3860   3250   1940    965    592
 06      502    488    413    420    603   1580   3610   4450   4060   1870    953    585
 07      502    484    414    459    607   1330   3930   4340   3560   1830    912    577
 08      738    444    407    488    626   1220   4160   4870   4360   1750    894    565
 09     1220    438    416    547    668   1180   3860   6170   3320   1740    848    550
 10      772    432    406    538    638   1150   3050   6300   2940   1700    864    560
 11      665    426    393    550    720   1410   3370   7130   3060   1670    841    574
 12      599    422    422    465    742   1320   3410   6750   3600   1670    868    538
 13      572    416    416    446    769   1700   3490   6060   3310   1570    830    540
 14      563    413    425    451    699   1660   4220   5040   3240   1520    841    556
 15      542    413    431    465    636   1900   7770   4780   2760   1480    803    535
 16      540    406    419    476    639   2030   7140   5400   3170   1460    786    514
 17      536    402    407    462    750   1740   4910   7420   2810   1400    767    508
 18      526    397    393    454    853   1790   4110   6190   2990   1430    761    511
 19      518    403    406    449   1010   2160   4260   5250   2520   1350    775    509
 20      523    430    440    448   1160   1980   4500   6080   3190   1380    750    511
 21      511    416    436    443   1160   2260   3850   5630   3990   1340    771    499
 22      511    442    434    457   1100   2100   3470   6130   3420   1260    732    498
 23      508    418    448    469   1180   1860   3230   6280   3300   1210    693    489
 24      509    418    468    489   1220   2040   3000   4990   3190   1190    693    486
 25      502    403    457    483   1130   2160   2840   4380   3340   1190    695    498
 26      506    410    446    480   1290   2290   2720   5340   3230   1170    715    489
 27      508    420    434    462   2000   3080   3040   4970   2970   1130    665    478
 28      496    428    430    437   1980   3080   3060   4410   2730   1110    661    476
 29      491           430    440   1680   3570   4560   4130   2600   1110    650    465
 30      488           445    440   1390   3230   6250   3950   2680   1040    644    457
 31      492           422          1270          6420   3920          1040           454

Min      488    397    393    414    427   1080   2720   3860   2520   1040    644    454    393
Mean     563    436    424    464    940   1870   4040   5390   3280   1530    812    531   1690
Max     1220    497    468    550   2000   3570   7770   7420   4360   2470   1000    638   7770

