Station number: 450
Location:       Narayan Ghat                                                      Latitude: 27 42 30
River:          Narayani                                                         Longitude: 84 25 50

Year:           1974

                                    Mean daily discharge in m3/s
                                    ============================

Day     Jan.   Feb.   Mar.   Apr.   May    Jun.   Jul.   Aug.   Sep.   Oct.   Nov.   Dec.   Year
 01      449    335    297    283    407    777   2620   7110   4750   1860   1080    540
 02      449    328    297    283    416    811   3630   7980   4350   1810   1050    530
 03      439    324    258    283    453    962   3620   6830   4100   1750   1010    540
 04      439    305    252    283    439    744   3030   6710   4080   1640    992    577
 05      421    297    249    320    458    725   2530  14000   3670   1570    992    588
 06      421    290    242    316    492    817   2710   9120   3110   1550    977    577
 07      421    294    232    287    453   1090   2330   7760   2780   2060    955    599
 08      421    297    226    272    458    791   2330   6860   2660   1780    934    594
 09      412    297    223    276    571    639   2190   6220   2740   1640    926    583
 10      403    301    232    283    622    560   2340   6180   2700   1630    912    561
 11      407    305    258    272    633    508   2600   5860   3000   1610    912    545
 12      403    316    262    272    599    467   2860   5550   2920   1580    884    530
 13      403    320    252    269    571    599   2850   5460   2850   1550    850    494
 14      398    312    249    290    582    687   4100   5570   2590   1540    823    484
 15      449    309    252    301    604   1270   3660   5530   2560   1530    810    480
 16      412    297    245    309    539   1240   3820   4870   2820   1530    784    465
 17      403    301    245    335    482   1290   3800   3920   3640   1520    765    489
 18      394    297    245    376    463   1440   3600   2940   4090   1510    752    535
 19      389    294    239    463    544   1710   3300   3010   3260   1490    727    509
 20      389    283    235    444    434   1740   3140   2970   2720   1490    697    494
 21      385    287    232    439    555   1900   3390   3010   2580   1480    679    446
 22      380    283    239    463    508   3130   4270   3000   2490   1450    661    433
 23      376    283    255    518    487   1790   5080   4240   2500   1480    649    424
 24      376    283    276    472    412   1560   3540   3010   2440   1450    649    424
 25      372    272    283    439    398   1340   6640   4120   2280   1470    633    470
 26      360    276    283    421    394   1190   5550   3610   2320   1340    621    465
 27      351    255    283    412    398   1170   5000   3640   2270   1210    594    460
 28      355    305    283    421    389   1270   4170   4400   2160   1140    583    456
 29      355           279    421    492   1680   7090   4440   2030   1130    577    451
 30      351           279    467    593   2190   7170   4510   1990   1080    703    441
 31      343           283           645          7250   4340          1080           441

Min      343    255    223    269    389    467   2190   2940   1990   1080    577    424    223
Mean     398    298    257    356    500   1200   3880   5380   2950   1510    806    504   1500
Max      449    335    297    518    645   3130   7250  14000   4750   2060   1080    599  14000

