Station number: 450
Location:       Narayan Ghat                                                      Latitude: 27 42 30
River:          Narayani                                                         Longitude: 84 25 50

Year:           1982

                                    Mean daily discharge in m3/s
                                    ============================

Day     Jan.   Feb.   Mar.   Apr.   May    Jun.   Jul.   Aug.   Sep.   Oct.   Nov.   Dec.   Year
 01      343    310    242    356    418    733   1570   3740   4880   1670    768    453
 02      339    337    285    397    440    889   1690   3310   4100   1610    761    445
 03      339    301    418    427    502    719   1900   3440   3440   1550    746    439
 04      335    292    312    448    558    754   2540   3370   3360   1510    731    436
 05      337    294    270    497    550   1340   3420   5950   3390   1460    719    427
 06      326    294    279    458    577   1600   3010   4280   3050   1440    712    424
 07      330    281    386    391    590   1490   3160   4910   3280   1410    699    410
 08      318    288    339    362    542   1460   3270   6880   3140   1380    693    407
 09      314    297    297    351    508   2130   2600   4540   2810   1360    681    408
 10      310    287    283    374    557   1800   3520   3930   3090   1450    795    402
 11      312    279    269    383    648   2300   4440   4400   2700   1290    706    400
 12      307    276    258    382    593   1960   3790   4220   3340   1300    673    394
 13      301    274    252    360    528   2110   3480   3820   7740   1200    689    386
 14      303    270    245    353    540   2260   3220   3450   5200   1180    665    389
 15      296    267    247    407    735   2190   3600   3300   3840   1130    639    376
 16      294    260    264    376    518   2530   3390   3260   3470   1090    629    369
 17      290    314    451    465    460   2590   3260   3420   3130   1070    614    361
 18      292    285    379    510    420   2570   3360   3260   3090   1060    612    358
 19      285    272    322    458    423   2220   5380   3820   3420   1000    589    357
 20      287    260    285    465    418   2010   4470   4080   3930    992    582    350
 21      283    253    287    412    418   1860   3710   4260   3200   1000    564    347
 22      281    252    317    402    420   1720   3510   5720   3300    987    550    340
 23      276    244    348    410    407   1740   3710   4570   2780    987    539    343
 24      269    240    328    503    387   1920   3900   4930   2680    952    518    342
 25      267    237    316    552    387   2070   4660   4600   2390    927    509    317
 26      263    235    333    593    433   1870   3970   5180   2160    893    504    311
 27      420    240    298    536    523   1760   3620   6260   2030    862    494    314
 28      398    240    279    505    613   1670   4350   5890   1910    860    484    305
 29      331           283    473    776   1630   3620   6010   1850    831    475    315
 30      310           303    456    681   1540   3270   4510   1780    804    455    312
 31      290           318           682          3950   5370           786           311

Min      263    235    242    351    387    719   1570   3260   1780    786    455    305    235
Mean     311    274    306    435    524   1780   3460   4470   3280   1160    627    373   1420
Max      420    337    451    593    776   2590   5380   6880   7740   1670    795    453   7740

