Station number: 450
Location:       Narayan Ghat                                                      Latitude: 27 42 30
River:          Narayani                                                         Longitude: 84 25 50

Year:           1979

                                    Mean daily discharge in m3/s
                                    ============================

Day     Jan.   Feb.   Mar.   Apr.   May    Jun.   Jul.   Aug.   Sep.   Oct.   Nov.   Dec.   Year
 01      476    360    314    298    573    440   3330   4680   3980   1280    811    752
 02      474    360    306    302    587    472   3460   4660   3260   1430    801    557
 03      444    351    302    304    672    444   3350   6080   4280   1420    744    531
 04      454    347    300    343    689    545   2320   4890   4700   1680    706    520
 05      449    339    304    351    636    547   2150   4950   4630   1670    675    523
 06      431    341    298    330    549    527   1840   3930   3710   1420    648    425
 07      447    351    312    314    513    537   1820   3620   3250   1520    639    423
 08      431    373    306    302    433    563   1820   7410   3110   1390    645    414
 09      438    436    298    316    507    732   1970   4350   3000   1370    636    405
 10      417    384    300    354    557    664   2120   4410   3170   1500    627    402
 11      422    371    292    377    584    673   2920   4210   3340   1720    610    389
 12      424    360    294    393    583    779   3030   5080   3000   1810    607    378
 13      424    379    289    426    701   1090   3120   4160   2540   1590    573    374
 14      417    373    283    377    664    960   3240   5190   2420   1440    574    362
 15      415    351    302    384    665   1310   3670   5160   2200   1460    565    368
 16      420    339    281    471   1380   1030   3810   3970   2080   1230    555    362
 17      422    337    283    426    919    843   3040   3710   2110   1180    555    353
 18      426    330    294    408    747    853   3500   3670   2510   1130    552    349
 19      417    332    287    382    622    991   2960   3560   1790   1140    542    345
 20      415    335    275    384    589   1420   2540   4830   1680   1030    544    339
 21      417    390    273    429    645   1650   3210   7950   1720    973    536    326
 22      415    410    281    399    766   1460   3620   6480   1580    910    520    324
 23      395    366    275    410    570   1520   3930   4800   1540    939    513    320
 24      408    351    283    406    489   1890   7750   4310   1480    910    492    314
 25      382    324    260    343    440   1910   5660   3690   1440    943    487    312
 26      375    310    260    397    413   2010   4510   3710   1390    939    475    307
 27      397    314    268    420    410   2350   4330   4460   1340    921    470    296
 28      362    330    260    476    424   2570   4400   3910   1330    852    465    294
 29      366           262    491    402   2740   5510   3810   1320    845    470    288
 30      371           275    584    386   2650   5330   3650   1340    821    673    296
 31      355           312           402          4580   3730           817           341

Min      355    310    260    298    386    440   1820   3560   1320    817    465    288    260
Mean     416    355    288    387    597   1210   3510   4610   2510   1240    590    387   1340
Max      476    436    314    584   1380   2740   7750   7950   4700   1810    811    752   7950

