Station number: 450
Location:       Narayan Ghat                                                      Latitude: 27 42 30
River:          Narayani                                                         Longitude: 84 25 50

Year:           2009

                                    Mean daily discharge in m3/s
                                    ============================

Day     Jan.   Feb.   Mar.   Apr.   May    Jun.   Jul.   Aug.   Sep.   Oct.   Nov.   Dec.   Year
 01      364    259    208    246    341    438   2080   3620   3840   1390    852    507
 02      356    268    207    223    438    373   3620   2910   3450   1350    816    502
 03      335    252    208    240    430    422   2270   2880   3100   1260    800    498
 04      317    255    204    273    334    517   1850   3370   2790   1260    770    475
 05      372    260    196    297    331    540   1770   3540   2980   1230    763    463
 06      329    232    196    250    290    782   1800   5180   2920   1460    753    480
 07      311    246    205    316    289    715   2160   5480   3140   4650    734    480
 08      307    237    206    268    267    617   2050   4520   3030   6030    718    457
 09      307    246    199    248    274    608   2030   4370   2780   2960    705    438
 10      312    236    214    221    308    577   2290   5040   3170   2190    715    448
 11      311    236    206    219    321    550   2470   5120   2830   1820    694    433
 12      282    216    197    202    264    563   2210   4020   2440   1680    658    425
 13      308    241    188    202    333    605   3180   4250   2160   1550    678    409
 14      290    251    198    221    316    623   2980   4410   2040   1450    701    428
 15      281    240    210    217    264    585   3010   5590   1940   1380    668    422
 16      308    218    197    235    259    582   2280   5360   1870   1320    613    407
 17      292    218    196    271    316    603   2160   6390   1740   1240    595    391
 18      284    224    196    278    320    577   2140   5360   1690   1230    598    379
 19      286    229    198    266    335    623   2780   4920   1730   1210    587    374
 20      283    227    192    260    478    635   2550   3960   1890   1140    593    363
 21      285    230    185    270    460    684   2110   4460   1770   1130    558    353
 22      274    222    182    429    568    763   2760   3450   1800   1070    548    363
 23      288    219    180    340    628    958   2180   3040   1710   1020    550    370
 24      279    220    169    304    583    902   2270   3740   1670   1000    563    368
 25      282    210    168    299    527    856   2110   3810   1720    995    548    347
 26      286    207    168    300    495    819   2420   3760   1720    930    543    345
 27      276    209    182    427    771   1440   2910   3580   1570    904    540    352
 28      264    209    185    300    607   1560   7390   3560   1580    915    517    352
 29      268           205    317    537   1990   5650   3070   1490    893    513    332
 30      276           215    393    458   1640   4460   3440   1470    864    515    336
 31      265           237           428          4640   4540           820           317

Min      264    207    168    202    259    373   1770   2880   1470    820    513    317    168
Mean     299    233    197    278    406    772   2790   4220   2270   1560    647    407   1170
Max      372    268    237    429    771   1990   7390   6390   3840   6030    852    507   7390


