Station number: 450
Location:       Narayan Ghat                                                      Latitude: 27 42 30
River:          Narayani                                                         Longitude: 84 25 50

Year:           2008

                                    Mean daily discharge in m3/s
                                    ============================

Day     Jan.   Feb.   Mar.   Apr.   May    Jun.   Jul.   Aug.   Sep.   Oct.   Nov.   Dec.   Year
 01      377    308    263    203    425    462   3260   4940   4400   1740    725    487
 02      371    303    265    217    428    470   3200   4320   3540   1650    727    480
 03      371    299    273    265    402    502   3420   4920   3180   1460    737    465
 04      369    297    271    251    396    565   3240   5040   3290   1460    746    450
 05      365    295    266    264    390    552   3220   4710   2870   1470    734    440
 06      363    301    274    263    392    689   3270   4220   2780   1500    723    453
 07      357    295    271    297    425    920   3140   4900   2440   1540    688    443
 08      360    292    266    271    400   1120   2740   6620   2180   1550    682    418
 09      353    296    268    263    404   1420   2290   4650   2130   1580    672    445
 10      351    288    288    244    457   1620   2500   5360   2060   1560    665    433
 11      360    285    286    270    438   1910   3130   4200   2310   1550    660    435
 12      356    277    279    279    415   2200   2950   5020   2250   1550    657    412
 13      350    274    273    370    397   2080   4000   6250   2310   1460    658    393
 14      347    273    264    367    378   2030   3560   8090   2630   1360    640    384
 15      340    273    258    316    363   4160   3860   6680   2840   1240    633    391
 16      341    268    253    320    410   2820   3600   6720   2180   1130    618    404
 17      338    264    249    328    427   2180   3720   5680   2180   1050    600    388
 18      335    264    251    294    437   1950   3680   4880   2630   1020    593    391
 19      336    260    248    291    445   3350   3970   5520   2320   1040    582    379
 20      331    260    246    290    502   3580   4340   6820   3650    987    583    377
 21      348    267    242    290    477   3390   5170   6280   4490    965    578    400
 22      370    265    241    291    462   2550   4560   5680   2920    929    552    384
 23      351    259    241    298    445   2520   4020   4960   2300    890    523    372
 24      324    258    242    324    455   3400   3600   4560   2160    887    512    351
 25      321    260    232    360    513   3280   3900   4250   2220    877    507    358
 26      320    263    232    352    585   2570   3790   5720   2150    837    505    347
 27      323    260    233    399    580   3240   4440   5910   1860    814    495    349
 28      316    262    224    378    547   2860   5940   7440   1740    788    498    356
 29      311    260    217    357    542   3900   4470   6670   1880    776    488    348
 30      311           232    398    528   3480   4520   7240   1810    770    483    340
 31      310           223           485          4920   4780           734           343

Min      310    258    217    203    363    462   2290   4200   1740    734    483    340    203
Mean     344    277    254    304    450   2190   3760   5580   2590   1200    616    401   1500
Max      377    308    288    399    585   4160   5940   8090   4490   1740    746    487   8090


