Station number: 450
Location:       Narayan Ghat                                                      Latitude: 27 42 30
River:          Narayani                                                         Longitude: 84 25 50

Year:           2010

                                    Mean daily discharge in m3/s
                                    ============================

Day     Jan.   Feb.   Mar.   Apr.   May    Jun.   Jul.   Aug.   Sep.   Oct.   Nov.   Dec.   Year
 01      364    242    224    253    284    435   2150   4960   6130   2000    801    492
 02      344    244    257    223    291    453   2080   4500   5960   1910    800    492
 03      328    258    249    216    361    477   2520   5090   5350   1840    782    478
 04      337    249    232    207    311    568   2520   4360   6320   1740    768    450
 05      351    246    235    203    328    645   2680   6030   5360   1660    730    462
 06      333    239    231    202    455    630   3620   4920   4630   1590    742    462
 07      336    244    225    208    333    595   3190   4140   5820   1530    885    455
 08      329    227    218    209    344    557   2660   3700   5750   1500    890    445
 09      331    238    222    219    363    540   2290   3560   4320   1660    855    450
 10      301    327    201    266    308    513   2970   3370   3800   1480    731    427
 11      316    303    212    290    315    562   5850   3620   3550   1450    707    437
 12      308    292    206    245    325    575   3960   3740   4970   1360    704    430
 13      301    276    203    278    306    602   3050   3260   4600   1310    685    410
 14      299    262    204    299    308    585   2720   3360   4740   1260    678    425
 15      315    259    209    273    297    582   2880   3780   4990   1220    665    411
 16      307    252    224    274    253    665   2610   4340   6430   1220    652    394
 17      307    249    210    278    272    785   2760   4250   5330   1320    635    389
 18      295    248    212    398    426    909   2580   4400   5860   1370    640    379
 19      311    251    206    593    363    811   3780   4770   5840   1210    630    367
 20      292    239    201    580    527   1190   5880   6980   4910   1160    602    390
 21      282    241    199    408    457   1290   4210   5930   4300   1240    602    374
 22      311    232    223    405    422   1270   5110   6740   3800   1120    583    370
 23      288    233    238    367    388   1080   4270   7740   4390   1140    570    367
 24      270    243    242    311    495   1140   4040   8040   4240   1040    558    349
 25      292    238    232    284    542   1250   5060   6080   3440    979    563    352
 26      260    237    238    260    495   1370   4610   5660   3120    951    545    359
 27      268    228    253    241    467   1590   5420   4450   2780    906    547    355
 28      273    229    219    237    598   2240   5070   6630   2440    900    540    349
 29      242           234    253    510   1760   3980   5740   2230    876    522    352
 30      254           266    302    482   1700   6990   6000   2100    854    510    339
 31      252           274           487          6230   6350           854           337

Min      242    227    199    202    253    435   2080   3260   2100    854    510    337    199
Mean     303    251    226    293    391    912   3800   5050   4580   1310    671    405   1520
Max      364    327    274    593    598   2240   6990   8040   6430   2000    890    492   8040
