Station number: 450
Location:       Narayan Ghat                                                      Latitude: 27 42 30
River:          Narayani                                                         Longitude: 84 25 50

Year:           2007

                                    Mean daily discharge in m3/s
                                    ============================

Day     Jan.   Feb.   Mar.   Apr.   May    Jun.   Jul.   Aug.   Sep.   Oct.   Nov.   Dec.   Year
 01      304    240    254    351    344    395   2230   5790   5830   4040    971    558
 02      304    244    326    399    311    376   2500   5290   4990   3240    975    550
 03      301    232    278    387    349    381   2620   5110   6300   2800    935    548
 04      300    232    265    340    358    470   2670   5450   5600   2440    952    535
 05      296    256    259    348    365    550   2500   4630   8820   2180    923    537
 06      292    263    243    343    410    863   2620   3710  10800   2080    930    513
 07      294    302    267    321    450    829   2720   3360   7280   1990    937    498
 08      291    270    289    356    420    868   2520   3220   6310   1890    899    502
 09      289    264    244    354    393   1080   2900   3150   5920   1860    894    495
 10      285    277    250    324    397   1970   2720   2850   5320   1810    832    492
 11      287    238    245    306    380   1790   3510   2930   4190   1790    747    492
 12      285    256    259    309    493   1590   3260   3040   3840   1760    702    483
 13      285    246    256    326    457   1790   3730   3840   3520   1750    703    468
 14      280    512    310    289    412   1740   4120   4020   3600   1670    703    445
 15      277    538    319    311    359   2260   3910   4870   3260   1610    710    437
 16      265    371    291    317    391   1950   3600   5780   2950   1660    697    434
 17      249    320    263    351    487   2640   3870   6270   2800   1650    695    434
 18      252    286    240    403    507   2670   4180   5220   3050   1510    670    429
 19      250    299    272    388    545   2130   3380   5350   2820   1450    660    429
 20      246    280    260    359    620   1980   4830   5250   2480   1410    657    423
 21      244    315    282    341    668   1450   5500   3910   2360   1340    643    418
 22      247    310    292    317    725   1340   5750   3520   2120   1320    632    412
 23      247    302    268    377    688   1760   4970   3180   2000   1260    628    419
 24      249    292    287    364    648   1540   5850   3660   1940   1300    615    412
 25      248    285    241    472    633   1600   5050   4080   2130   1170    612    413
 26      254    271    290    445    480   1710   5080   3580   5740   1140    600    409
 27      252    280    244    349    457   2350   5960   4460   3500   1100    595    403
 28      251    254    242    332    443   2360   5970   4610   3160   1060    587    395
 29      254           282    288    422   2380   6120   4680   5240   1050    572    390
 30      250           295    332    420   2190   6610   4210   6740   1070    563    386
 31      252           339           378          6030   6480          1040           383

Min      244    232    240    288    311    376   2230   2850   1940   1040    563    383    232
Mean     270    294    273    350    465   1570   4110   4370   4490   1720    741    456   1590
Max      304    538    339    472    725   2670   6610   6480  10800   4040    975    558  10800

