Station number: 445
Location:       Arughat                                                           Latitude: 28 02 37
River:          Burhi Gandaki                                                    Longitude: 84 48 59

Year:           2007

                                    Mean daily discharge in m3/s
                                    ============================

Day     Jan.   Feb.   Mar.   Apr.   May    Jun.   Jul.   Aug.   Sep.   Oct.   Nov.   Dec.   Year
 01     36.4   26.3   29.0   66.1   51.1   71.1    315    459    428    341    105   56.0
 02     33.7   26.1   30.5   77.1   56.3   76.0    399    462    425    303    103   54.9
 03     33.5   25.7   27.3   66.9   58.0   79.6    421    436    477    241  100.0   53.8
 04     33.7   25.9   29.2   62.7   59.4   86.8    306    563    436    221   95.9   53.5
 05     33.3   27.1   27.7   60.3   62.3    103    341    431    652    216   92.7   53.5
 06     32.6   26.3   30.9   58.0   72.5    112    353    385    518    215   89.9   51.6
 07     32.4   29.7   29.7   62.0   80.4    114    378    386    419    208   88.4   49.4
 08     32.0   27.7   29.4   67.5   67.1    129    358    392    440    202   86.0   48.4
 09     31.8   26.9   28.4   65.1   66.5    178    352    376    389    186   83.3   47.2
 10     30.7   26.1   27.3   54.1   65.6    171    341    379    418    178   81.9   46.1
 11     29.8   25.7   26.3   51.4   67.7    169    342    379    349    176   80.3   45.6
 12     29.6   25.9   25.9   50.5   70.8    169    312    372    323    175   77.9   45.1
 13     29.2   26.9   33.5   50.0   65.3    196    317    527    302    184   75.3   45.6
 14     28.6   41.9   30.9   65.9   65.3    193    366    557    318    178   73.1   44.9
 15     28.8   26.9   32.8   60.9   67.1    257    314    486    295    172   71.5   43.6
 16     28.2   27.1   29.8   65.9   70.8    252    329    606    269    164   70.2   43.6
 17     27.8   29.4   30.1   66.8   76.3    333    452    643    262    162   69.9   42.6
 18     27.7   27.1   31.1   70.0   90.2    286    399    515    251    159   68.9   40.7
 19     27.5   26.7   35.3   63.5   93.1    274    349    624    235    148   67.4   40.0
 20     27.3   27.1   39.8   61.7   89.2    202    402    508    283    142   67.3   39.1
 21     27.7   27.5   38.0   59.7    108    159    448    385    238    137   65.8   39.1
 22     27.5   28.0   36.1   64.4    136    161    450    381    216    134   64.1   38.4
 23     27.5   27.7   33.9   62.3    113    207    483    359    193    131   62.6   37.9
 24     27.7   27.5   34.8   63.0   92.7    255    436    384    202    126   60.6   37.7
 25     27.1   27.5   46.9   68.0   78.7    210    432    358    412    122   58.8   37.2
 26     27.3   28.4   43.4   61.5   87.2    237    488    388    520    118   57.7   35.9
 27     28.0   27.5   42.4   50.5   72.4    283    495    417    368    114   57.1   35.6
 28     27.5   26.9   45.9   52.1   70.5    230    474    450    381    114   57.4   36.3
 29     27.3          54.5   55.2   69.6    259    549    543    695    113   57.1   35.9
 30     26.9          56.1   56.1   69.3    322    535    420    419    110   56.0   35.0
 31     26.5          66.6          67.3           504    602           108          34.3

Min     26.5   25.7   25.9   50.0   51.1   71.1    306    358    193    108   56.0   34.3   25.7
Mean    29.5   27.6   35.6   61.3   76.1    192    401    457    371    171   74.9   43.5    162
Max     36.4   41.9   66.6   77.1    136    333    549    643    695    341    105   56.0    695


Station number: 445
Location:       Arughat                                                           Latitude: 28 02 37
River:          Burhi Gandaki                                                    Longitude: 84 48 59

Year:           2008

                                    Mean daily discharge in m3/s
                                    ============================

Day     Jan.   Feb.   Mar.   Apr.   May    Jun.   Jul.   Aug.   Sep.   Oct.   Nov.   Dec.   Year
 01     33.9   25.9   27.7   24.0   57.1   72.1    390    584    358    176   71.7   46.5
 02     33.3   25.9   28.3   25.3   56.0   71.1    382    549    322    174   69.9   45.9
 03     33.3   25.9   28.1   27.3   54.4   81.3    372    478    305    164   68.2   43.9
 04     32.8   25.3   25.1   27.9   58.3   86.4    342    468    290    160   66.6   43.9
 05     32.6   25.3   24.2   27.7   55.5   92.0    383    432    265    168   65.6   44.9
 06     32.2   24.8   24.6   32.8   55.7   96.0    395    374    262    162   64.2   45.9
 07     32.0   24.6   26.9   31.5   53.0    118    384    471    234    157   62.9   45.1
 08     34.2   24.2   28.7   30.5   56.9    154    365    548    224    148   64.2   45.9
 09     32.2   24.0   27.8   29.4   54.6    220    285    443    222    144   63.7   44.9
 10     31.8   23.6   29.3   29.0   55.2    226    402    492    213    142   65.1   44.7
 11     31.1   23.6   30.5   29.4   59.1    288    406    479    245    137   64.9   44.3
 12     31.1   23.6   29.0   32.4   58.3    297    390    547    244    128   63.7   42.7
 13     30.7   23.2   29.1   34.5   55.5    266    489    542    280    119   63.4   40.9
 14     30.5   22.9   27.1   33.0   65.9    288    428    760    283    117   63.7   40.0
 15     30.1   22.4   25.9   32.8   77.1    374    416    574    301    107   62.0   39.4
 16     29.4   21.7   25.5   33.5   72.4    337    477    592    244    104   60.3   39.4
 17     29.0   22.0   26.1   42.5   74.8    401    467    556    248    102   58.0   39.0
 18     28.8   24.2   26.5   41.7   85.3    270    523    489    304    100   57.0   38.8
 19     28.4   24.0   26.7   41.2   69.6    532    485    572    272   96.3   56.6   38.4
 20     28.4   23.6   25.1   42.2   63.8    471    438    543    343   95.6   55.9   38.1
 21     28.0   23.4   24.6   42.9   63.5    368    473    569    270   91.3   53.0   37.7
 22     28.0   24.4   24.4   47.7   68.0    332    435    539    224   92.0   51.0   37.5
 23     27.5   25.9   23.6   51.9   67.5    361    418    482    205   90.6   50.1   36.9
 24     27.5   24.6   23.6   54.4   73.1    383    411    440    188   88.1   49.3   36.7
 25     26.9   24.0   24.6   52.0   81.3    396    477    394    214   85.3   49.9   35.6
 26     26.7   23.4   23.8   65.3    107    345    522    424    225   83.3   49.3   36.0
 27     26.3   22.6   23.1   70.6   78.2    362    521    379    180   81.3   48.8   35.6
 28     26.3   23.4   22.9   63.5   81.6    373    565    513    168   78.9   48.4   34.9
 29     26.5   25.1   23.2   60.3   85.0    420    452    538    176   76.9   47.3   34.9
 30     26.3          23.8   58.5   80.6    359    487    641    177   73.9   47.8   34.5
 31     26.1          24.2          72.7           552    421          72.0          34.0

Min     26.1   21.7   22.9   24.0   53.0   71.1    285    374    168   72.0   47.3   34.0   21.7
Mean    29.7   24.1   25.9   40.5   67.6    281    436    511    250    117   58.7   40.2    157
Max     34.2   25.9   30.5   70.6    107    532    565    760    358    176   71.7   46.5    760

Station number: 445
Location:       Arughat                                                           Latitude: 28 02 37
River:          Burhi Gandaki                                                    Longitude: 84 48 59

Year:           2009

                                    Mean daily discharge in m3/s
                                    ============================

Day     Jan.   Feb.   Mar.   Apr.   May    Jun.   Jul.   Aug.   Sep.   Oct.   Nov.   Dec.   Year
 01     33.3   27.5   21.7   24.3   65.6   59.5    272    272    313    135   78.9   46.9
 02     32.5   26.7   22.1   24.7   70.5   65.8    368    261    313    134   75.8   46.7
 03     32.3   26.4   23.5   28.9   65.2   66.6    227    308    367    128   72.7   46.5
 04     31.9   26.2   24.6   29.6   51.9   81.0    175    307    324    134   70.2   46.5
 05     31.4   26.2   23.8   31.8   48.8    108    168    301    337    132   68.5   46.1
 06     31.2   25.6   24.7   31.6   50.2    113    299    453    346    281   67.4   45.5
 07     30.9   25.0   25.3   39.6   46.8    100    276    420    359    685   66.3   45.3
 08     30.5   25.3   23.4   36.6   43.9   99.4    214    355    313    404   64.9   44.7
 09     30.5   26.4   22.8   34.5   42.7   96.4    242    384    272    251   63.2   44.1
 10     30.2   25.9   23.2   33.8   41.1   90.6    320    457    348    167   62.2   43.5
 11     30.2   24.7   22.8   35.3   42.5   79.7    317    477    307    130   61.2   42.9
 12     29.7   24.4   21.8   39.8   44.9   81.3    278    346    298    154   60.5   42.3
 13     29.9   23.2   22.1   40.7   43.7   92.0    497    309    230    142   62.9   41.3
 14     29.4   23.5   21.8   37.7   39.4   91.1    327    357    222    134   60.5   40.7
 15     29.2   24.0   21.5   41.2   42.5   88.9    365    436    198    130   59.1   39.8
 16     28.9   24.7   21.1   43.7   42.7   98.7    255    404    186    128   58.0   39.0
 17     28.4   25.0   20.8   53.2   45.3   97.9    267    444    179    122   57.5   38.6
 18     28.9   24.7   20.6   47.3   50.0    103    260    418    172    116   55.9   38.6
 19     28.9   24.3   19.9   46.9   58.4    108    311    321    193    111   54.8   38.1
 20     28.9   24.7   19.9   46.6   61.1    112    285    355    180    108   53.4   37.5
 21     28.9   23.7   21.3   47.8   62.2    123    235    341    168    106   52.1   36.7
 22     29.6   23.4   21.7   60.6   70.2    132    353    263    166    103   52.1   36.4
 23     29.7   22.8   21.4   46.6   80.1    136    299    297    169   96.6   52.3   35.4
 24     29.2   22.7   21.0   48.0   66.4    118    291    315    163   96.6   56.4   35.2
 25     28.9   22.8   20.7   51.9   67.1    117    256    334    158   96.3   51.6   34.9
 26     28.8   22.5   21.0   54.0    119    146    270    388    158   94.1   50.3   34.4
 27     28.4   22.8   22.2   48.8    102    182    404    330    161   89.9   49.7   34.5
 28     28.4   22.2   23.4   48.6   74.4    178    409    344    154   88.4   48.8   34.0
 29     27.8          23.1   64.6   68.6    195    388    311    148   86.0   48.0   33.8
 30     28.1          28.9   63.4   59.8    194    476    359    142   84.0   47.3   33.5
 31     27.6          27.7          61.7           308    418          82.0          34.0

Min     27.6   22.2   19.9   24.3   39.4   59.5    168    261    142   82.0   47.3   33.5   19.9
Mean    29.8   24.5   22.6   42.7   59.0    112    304    358    235    153   59.4   39.9    120
Max     33.3   27.5   28.9   64.6    119    195    497    477    367    685   78.9   46.9    685


Station number: 445
Location:       Arughat                                                           Latitude: 28 02 37
River:          Burhi Gandaki                                                    Longitude: 84 48 59

Year:           2010

                                    Mean daily discharge in m3/s
                                    ============================

Day     Jan.   Feb.   Mar.   Apr.   May    Jun.   Jul.   Aug.   Sep.   Oct.   Nov.   Dec.   Year
 01     32.8   25.4   25.7   31.4   51.0   62.0    310    402    492    214   79.6   50.1
 02     32.8   25.0   25.6   30.4   60.2   68.5    259    387    488    205   77.3   49.3
 03     32.5   25.0   25.6   29.4   49.1   68.8    350    455    476    198   75.1   48.2
 04     32.3   25.0   26.0   29.2   42.5   74.0    356    438    534    188   74.5   47.1
 05     32.8   24.5   25.6   28.8   44.3   74.6    407    576    464    168   73.6   46.3
 06     32.3   24.5   26.0   32.1   38.4   88.2    399    539    446    158   72.7   45.7
 07     31.4   24.1   26.2   33.0   43.9   81.7    372    425    474    152   72.0   44.9
 08     30.7   24.1   25.3   37.7   49.1   85.8    348    402    467    153   70.8   44.7
 09     30.7   29.7   25.0   48.2   51.9   81.4    308    403    400    157   70.8   44.1
 10     30.1   26.8   24.7   48.3   61.3   86.4    517    361    396    158   69.0   43.9
 11     30.2   26.5   24.5   39.4   54.8   88.2    476    404    382    150   67.6   43.7
 12     30.1   25.9   23.7   48.0   52.4   87.8    341    409    398    147   67.3   42.3
 13     30.1   24.5   25.3   51.2   50.0   87.8    345    360    420    135   66.8   42.3
 14     30.2   24.3   26.4   51.0   48.4   78.8    385    365    482    129   66.3   41.1
 15     29.2   24.3   27.6   51.1   45.3   94.2    376    455    554    128   65.6   40.7
 16     29.2   24.0   26.2   44.8   44.9    121    376    449    506    124   65.1   40.9
 17     28.9   24.1   25.4   48.2   46.1    143    405    491    491    146   62.9   40.5
 18     28.8   23.5   24.4   63.0   55.9    134    389    472    543    135   60.1   39.4
 19     28.4   23.7   24.8   59.5   68.4    116    431    555    553    121   58.2   38.6
 20     28.3   23.2   27.2   58.9   75.7    151    517    513    498    116   57.7   37.7
 21     28.3   23.1   29.4   66.4   68.8    146    398    565    458    116   55.0   37.5
 22     28.0   23.2   32.3   62.9   60.6    150    422    525    412    110   55.7   37.5
 23     27.8   23.7   35.1   56.9   72.1    137    392    732    529    105   56.6   36.5
 24     27.5   24.3   39.4   49.6   72.4    187    404    570    402   97.4   55.2   36.0
 25     27.3   24.7   40.8   41.7   65.9    165    420    476    376   93.4   54.1   35.4
 26     27.0   24.3   39.6   39.6   78.4    170    464    426    334   90.2   55.2   35.1
 27     26.8   24.8   32.8   40.9   64.2    220    445    390    316   88.8   53.9   34.7
 28     25.7   25.1   35.2   44.1   63.7    327    388    510    302   88.1   52.3   34.4
 29     26.2          35.6   45.5   64.1    221    399    450    280   87.0   50.6   34.0
 30     26.0          36.0   48.2   75.6    223    467    560    225   84.6   50.3   33.8
 31     25.6          36.2          68.2           453    541          83.0          34.2

Min     25.6   23.1   23.7   28.8   38.4   62.0    259    360    225   83.0   50.3   33.8   23.1
Mean    29.3   24.7   29.1   45.3   57.7    127    397    471    437    133   63.7   40.7    155
Max     32.8   29.7   40.8   66.4   78.4    327    517    732    554    214   79.6   50.1    732
