Station number: 445
Location:       Arughat                                                           Latitude: 28 02 37
River:          Burhi Gandaki                                                    Longitude: 84 48 59

Year:           1984

                                    Mean daily discharge in m3/s
                                    ============================

Day     Jan.   Feb.   Mar.   Apr.   May    Jun.   Jul.   Aug.   Sep.   Oct.   Nov.   Dec.   Year
 01     46.0   36.0   31.8   58.3   59.4    178    231    471    345    279    102   54.0
 02     46.0   36.0   34.3   57.2   54.0    183    361    371    355    273    101   52.0
 03     46.0   36.0   37.8   60.5   67.1    199    445    369    361    273   97.4   51.0
 04     44.1   36.0   37.8   54.0   60.5    224    419    361    359    265   92.6   51.0
 05     45.0   35.2   39.6   50.0   58.3    279    413    301    419    257   86.6   51.0
 06     44.1   34.3   38.7   47.0   80.6    279    397    289    441    257   83.0   49.0
 07     43.2   33.5   39.6   42.3   86.6    248    439    301    532    252   80.6   50.0
 08     43.2   31.8   42.3   37.8   86.6    261    455    301    321    247   81.8   50.0
 09     43.2   32.6   40.5   36.0   89.0    257    525    319    395    240   79.4   48.0
 10     42.3   32.6   38.7   35.2   71.5    235    415    365    441    230   78.2   47.0
 11     42.3   31.8   36.9   34.3   83.0    230    480    349    365    228   74.8   48.0
 12     41.4   32.6   38.7   35.2   86.6    315    421    365    349    223   71.5   48.0
 13     40.5   31.8   37.8   35.2    105    265    379    305    359    219   67.1   48.0
 14     40.5   31.8   38.7   39.6    105    216    345    281    345    214   66.0   47.0
 15     39.6   31.0   37.8   48.0    128    223    315    323    345    207   64.9   45.0
 16     40.5   31.0   36.9   50.0    148    259    335    325    345    193   64.9   44.1
 17     44.1   31.8   38.7   54.0    147    207    367    319    435    182   63.8   45.0
 18     41.4   32.6   38.7   59.4    142    301    387    361    650    169   64.9   45.0
 19     40.5   32.6   39.6   57.2    142    214    341    409    525    162   64.9   44.1
 20     39.6   33.5   36.9   66.0    142    285    405    419    395    157   62.7   43.2
 21     39.6   32.6   37.8   57.2    141    269    387    365    359    151   61.6   43.2
 22     39.6   31.8   36.0   50.0    147    315    399    359    377    151   60.5   41.4
 23     38.7   31.0   34.3   49.0    139    311    555    339    355    151   59.4   40.5
 24     37.8   30.1   39.6   46.0    165    259    500    411    335    148   58.3   39.6
 25     36.9   30.1   40.5   55.0    150    241    419    361    339    147   57.2   38.7
 26     37.8   31.8   41.4   56.1    177    267    515    351    325    132   55.0   39.6
 27     37.8   32.6   40.5   61.6    185    250    441    339    313    122   59.4   38.7
 28     36.0   32.6   37.8   59.4    182    240    407    391    319    118   59.4   38.7
 29     36.0   31.0   39.6   61.6    174    213    455    441    299    113   58.3   37.8
 30     36.0          51.0   61.6    177    231    469    419    279    108   55.0   36.9
 31     35.2          54.0           159           435    415           106          36.9

Min     35.2   30.1   31.8   34.3   54.0    178    231    281    279    106   55.0   36.9   30.1
Mean    40.8   32.7   39.2   50.5    121    248    415    358    379    193   71.1   44.9    166
Max     46.0   36.0   54.0   66.0    185    315    555    471    650    279    102   54.0    650

