Station number: 445
Location:       Arughat                                                           Latitude: 28 02 37
River:          Burhi Gandaki                                                    Longitude: 84 48 59

Year:           1965

                                    Mean daily discharge in m3/s
                                    ============================

Day     Jan.   Feb.   Mar.   Apr.   May    Jun.   Jul.   Aug.   Sep.   Oct.   Nov.   Dec.   Year
 01     39.0   28.6   28.6   27.0    130    142    454    386    380    173    111   70.0
 02     38.2   28.6   25.4   29.4    137    148    394    550    364    167    101   67.0
 03     38.2   28.6   24.6   31.0    142    146    344    396    340    160   92.6   66.0
 04     37.4   27.8   23.8   32.6    146    142    340    450    326    160   92.6   64.0
 05     36.6   27.0   23.0   35.0    145    137    320    476    306    157    119   63.0
 06     36.6   27.0   23.0   36.6    146    134    410    470    320    151    108   62.0
 07     35.0   26.2   23.8   37.4    149    131    692    430    306    145    101   61.0
 08     35.0   27.0   25.4   39.0    152    136    672    364    420    143   89.0   60.0
 09     34.2   26.2   25.4   48.0    154    145    476    404    384    134   89.0   58.0
 10     34.2   25.4   26.2   53.0    145    143    490    416    352    131   86.0   57.0
 11     34.2   25.4   25.4   71.0    137    206    336    496    334    125   85.0   55.0
 12     34.2   25.4   24.6   70.0    136    203    344    797    338    123   86.0   54.0
 13     32.6   26.2   25.4   84.0    134    226    344    544    338    119   84.0   54.0
 14     36.6   25.4   24.6   79.0    133    229    340    560    334    117   82.0   52.0
 15     35.8   25.4   24.6   83.0    128    233    400    504    328    115   81.0   49.0
 16     35.0   24.6   25.4   74.0    133    324    340    524    322    114   79.0   49.0
 17     34.2   24.6   26.2   75.0    118    320    316    400    304    112   80.0   49.0
 18     33.4   24.6   26.2   89.0    117    320    300    414    286    112   79.0   48.0
 19     32.6   24.6   27.0   85.0    119    356    320    400    220    111   79.0   47.0
 20     33.4   24.6   27.0   84.0    124    290    326    394    250    109   78.0   45.0
 21     33.4   27.8   27.0   84.0    128    257    410    484    230    108   77.0   46.0
 22     32.6   24.6   28.6   82.0    128    253    324    416    233    108   75.0   46.0
 23     32.6   25.4   28.6   81.0    124    247    350    406    227    107   75.0   46.0
 24     33.4   24.6   27.8   89.0    137    308    416    496    190    107   78.0   46.0
 25     31.8   26.2   27.8   96.2    133    384    344    396    173    105   75.0   46.0
 26     31.8   26.2   29.4   99.8    134    344    324    414    170    103   73.0   45.0
 27     31.0   27.0   28.6    105    142    356    400    356    167    103   73.0   46.0
 28     32.6   31.8   29.4    111    157    404    330    380    167    101   72.0   46.0
 29     29.4          31.0    114    158    324    360    464    178   99.8   71.0   45.0
 30     29.4          28.6    130    164    424    484    466    178   98.6   70.0   46.0
 31     29.4          27.0           173           386    410           117          44.0

Min     29.4   24.6   23.0   27.0    117    131    300    356    167   98.6   70.0   44.0   23.0
Mean    34.0   26.3   26.4   71.8    139    247    390    454    282    124   84.7   52.6    161
Max     39.0   31.8   31.0    130    173    424    692    797    420    173    119   70.0    797

