Station number: 445
Location:       Arughat                                                           Latitude: 28 02 37
River:          Burhi Gandaki                                                    Longitude: 84 48 59

Year:           1993

                                    Mean daily discharge in m3/s
                                    ============================

Day     Jan.   Feb.   Mar.   Apr.   May    Jun.   Jul.   Aug.   Sep.   Oct.   Nov.   Dec.   Year
 01     35.6   29.2   29.2   29.2    101    154    420    519    395    262   98.8   56.8
 02     35.0   28.6   28.0   26.9    119    144    319    707    330    250   96.6   55.2
 03     35.6   28.6   28.0   26.9    129    128    275    477    369    246   94.5   59.4
 04     35.0   28.6   27.5   29.2    146    130    261    552    409    246   94.5   52.7
 05     36.3   28.0   28.0   29.8    146    142    252    568    450    237   92.3   52.7
 06     36.3   28.0   28.0   31.1    141    138    246    590    602    220   90.2   51.9
 07     35.6   29.2   26.9   34.3    135    144    248    534    399    206   89.1   51.0
 08     37.7   31.1   28.6   36.3    144    150    281    514    346    193   88.1   50.2
 09     33.0   32.4   29.2   37.7    139    164    294    552    402    190   85.0   48.7
 10     33.7   35.0   25.7   33.0    122    137    378    830    404    190   83.0   47.9
 11     34.3   33.0   24.6   37.7    116    146    418    496    367    187   80.9   47.2
 12     32.4   35.6   28.0   39.1    100    151    415    474    334    181   79.9   46.4
 13     33.0   32.4   26.9   38.4   89.1    164    363    460    324    175   79.9   45.6
 14     32.4   31.1   27.5   36.3   79.9    181    406    509    356    168   78.9   44.9
 15     31.8   33.0   28.0   47.2   86.0    196    391    457    342    158   78.9   44.1
 16     31.1   33.7   25.7   49.4   91.3    187    455    469    352    153   77.9   44.1
 17     31.1   31.1   28.6   59.4    110    211    481    474    361    148   75.9   43.4
 18     31.1   36.3   26.9   56.8    125    204    406    462    350    147   74.0   43.4
 19     30.5   31.1   26.3   53.5    128    296    389    529    338    143   72.1   42.6
 20     29.8   29.2   25.1   62.9   92.3    212    378    453    315    141   71.1   41.9
 21     29.8   28.6   24.6   60.3   87.0    190    338    477    326    141   70.2   41.9
 22     29.2   26.3   22.9   67.3   85.0    193    387    477    321    138   69.2   41.2
 23     30.5   25.1   22.4   83.0   83.0    208    311    448    328    133   65.5   41.2
 24     29.8   24.6   22.9   84.0   95.6    234    321    457    346    131   62.0   41.2
 25     31.1   26.9   22.9   72.1    109    332    358    588    524    125   61.1   40.5
 26     31.1   26.9   34.3   72.1    103    290    344    404    356    121   59.4   40.5
 27     31.1   30.5   26.9   73.1    125    367    369    361    330    117   61.1   39.1
 28     32.4   29.8   29.8   86.0    106    298    481    393    311    110   60.3   39.1
 29     31.1          31.1   98.8    107    268    484    367    296    104   59.4   38.4
 30     29.8          30.5   95.6    113    268    529    391    277    101   58.5   38.4
 31     29.8          31.1           119           413    374          98.8          37.0

Min     29.2   24.6   22.4   26.9   79.9    128    246    361    277   98.8   58.5   37.0   22.4
Mean    32.5   30.1   27.3   52.9    112    201    368    496    365    166   76.9   45.4    164
Max     37.7   36.3   34.3   98.8    146    367    529    830    602    262   98.8   59.4    830

