Station number: 445
Location:       Arughat                                                           Latitude: 28 02 37
River:          Burhi Gandaki                                                    Longitude: 84 48 59

Year:           1992

                                    Mean daily discharge in m3/s
                                    ============================

Day     Jan.   Feb.   Mar.   Apr.   May    Jun.   Jul.   Aug.   Sep.   Oct.   Nov.   Dec.   Year
 01     35.6   28.0   29.2   31.1   58.5   90.2    174    511    420    198   87.0   51.0
 02     35.6   28.6   31.1   30.5   61.1   84.0    180    422    411    189   85.0   50.2
 03     35.0   28.0   32.4   32.4   55.2   93.4    193    514    402    183   83.0   50.2
 04     35.0   27.5   32.4   39.1   65.5    106    167    504    332    175   83.0   48.7
 05     34.3   27.5   34.3   35.6   53.5    100    180    445    340    168   82.0   48.7
 06     33.7   26.9   33.0   40.5   51.9    107    178    462    393    151   79.9   47.2
 07     34.3   33.7   34.3   35.6   47.2    102    203    462    356    143   79.9   46.4
 08     33.7   28.0   36.3   48.7   51.0    111    196    462    348    141   76.9   45.6
 09     33.7   26.9   34.3   57.7   56.8    100    181    409    427    135   75.0   44.9
 10     33.0   26.9   32.4   62.9   53.5    106    257    393    365    131   73.1   44.1
 11     33.0   26.9   31.1   59.4   64.7   87.0    227    432    317    133   71.1   42.6
 12     32.4   26.3   31.8   55.2   65.5   91.3    268    365    346    144   71.1   41.2
 13     31.8   27.5   32.4   64.7   66.4    111    283    363    406    131   69.2   41.2
 14     31.8   26.9   32.4   59.4   78.9    117    257    326    404    129   67.3   42.6
 15     32.4   26.3   31.1   57.7   77.9    137    237    618    378    128   65.5   41.2
 16     31.8   26.9   28.6   54.4   75.9    134    224    425    338    130   68.3   41.9
 17     30.5   26.3   29.8   48.7   94.5    177    279    429    313    130   67.3   41.9
 18     29.8   25.7   29.8   57.7   86.0    186    311    448    296    143   65.5   41.9
 19     29.8   25.1   29.8   45.6   75.0    193    311    402    270    128   64.7   41.2
 20     31.1   25.1   31.8   47.9   67.3    209    334    429    250    126   63.8   41.2
 21     30.5   24.6   30.5   60.3   62.9    338    369    514    237    121   62.9   40.5
 22     32.4   24.0   31.1   66.4   61.1    203    432    590    225    119   62.0   40.5
 23     29.8   24.0   35.6   56.8   58.5    250    384    674    216    110   60.3   39.8
 24     30.5   24.0   31.1   47.2   58.5    204    406    801    206    106   58.5   39.1
 25     29.8   24.6   32.4   50.2   62.0    212    484    618    201    103   56.0   38.4
 26     30.5   24.6   32.4   51.0   70.2    204    436    602    195    101   55.2   38.4
 27     29.8   25.1   39.8   49.4    110    186    354    550    192   97.7   54.4   37.7
 28     29.2   25.7   45.6   51.0   82.0    193    348    489    208   94.5   51.9   37.0
 29     28.6   28.0   45.6   51.9   94.5    206    324    467    246   92.3   51.9   37.0
 30     28.6          34.3   62.0    102    184    399    436    212   90.2   51.9   36.3
 31     29.2          33.0          92.3           434    425          88.1          36.3

Min     28.6   24.0   28.6   30.5   47.2   84.0    167    326    192   88.1   51.9   36.3   24.0
Mean    31.8   26.5   33.2   50.4   69.7    154    291    483    308    131   68.1   42.4    141
Max     35.6   33.7   45.6   66.4    110    338    484    801    427    198   87.0   51.0    801

