Station number: 445
Location:       Arughat                                                           Latitude: 28 02 37
River:          Burhi Gandaki                                                    Longitude: 84 48 59

Year:           1970

                                    Mean daily discharge in m3/s
                                    ============================

Day     Jan.   Feb.   Mar.   Apr.   May    Jun.   Jul.   Aug.   Sep.   Oct.   Nov.   Dec.   Year
 01     39.2   32.0   29.9   36.8   98.1   82.0    252    386    307    255    126   84.0
 02     37.6   31.3   29.9   34.4   88.2    153    244    402    295    247    123   83.0
 03     37.6   31.3   28.5   34.4   82.0    146    220    450    282    246    122   82.0
 04     36.8   30.6   28.5   33.6   80.0    141    223    375    278    240    121   82.0
 05     36.8   29.9   27.8   32.8   80.0    135    229    366    270    237    118   83.0
 06     36.8   29.9   27.8   33.6    101    120    303    516    268    231    117   81.0
 07     36.0   29.2   27.8   42.4   81.0    109    284    395    267    231    114   79.0
 08     35.2   29.2   27.8   39.2   80.0    100    320    430    265    220    110   78.0
 09     36.0   29.2   27.1   38.4   84.0   92.6    278    416    262    210    108   77.0
 10     35.2   28.5   27.1   37.6   84.0   94.8    430    454    259    200    105   76.0
 11     35.2   27.8   29.2   36.8   84.0   87.1    404    379    267    190    103   76.0
 12     35.2   28.5   27.8   42.4    100    104    422    393    243    180    103   76.0
 13     35.2   29.2   27.1   52.0    103    121    420    426    258    170    102   76.0
 14     35.2   28.5   30.6   52.8    123    133    365    363    252    170    102   75.0
 15     34.4   28.5   35.2   65.0    122    243    444    350    249    160    101   75.0
 16     34.4   28.5   31.3   85.0    134    289    440    334    246    154   99.2   75.0
 17     34.4   27.8   30.6   74.0    146    528    430    339    261    150   99.2   74.0
 18     34.4   28.5   33.6   69.0    110    416    363    329    247    150   97.0   72.0
 19     34.4   29.9   30.6   63.0    105    250    377    311    244    147   97.0   71.0
 20     35.2   35.2   28.5   56.0    100    229    460    325    286    147   93.7   72.0
 21     38.4   32.0   28.5   49.6    126    220    438    302    290    146   93.7   71.0
 22     34.4   31.3   29.2   51.2   97.0    215    408    312    300    146   91.5   70.0
 23     34.4   32.8   30.6   77.0   86.0    212    434    329    311    145   90.4   69.0
 24     33.6   29.9   29.2   90.4   82.0    202    410    332    286    144   88.2   69.0
 25     33.6   29.2   30.6   92.6   82.0    191    414    368    258    141   87.1   67.0
 26     32.8   28.5   32.0    112   73.0    198    406    347    282    140   86.0   66.0
 27     33.6   28.5   40.0    153   69.0    201    381    406    314    139   87.1   66.0
 28     33.6   28.5   45.6    132   69.0    289    386    356    295    136   86.0   66.0
 29     33.6          48.8    117   61.0    256    374    334    264    133   84.0   66.0
 30     32.8          43.2   99.2   62.0    215    363    325    258    132   84.0   66.0
 31     32.0          36.8          72.0           363    307           128          65.0

Min     32.0   27.8   27.1   32.8   61.0   82.0    220    302    243    128   84.0   65.0   27.1
Mean    35.1   29.8   31.7   64.4   92.4    192    364    370    272    176    101   73.8    150
Max     39.2   35.2   48.8    153    146    528    460    516    314    255    126   84.0    528

