Station number: 445
Location:       Arughat                                                           Latitude: 28 02 37
River:          Burhi Gandaki                                                    Longitude: 84 48 59

Year:           2006

                                    Mean daily discharge in m3/s
                                    ============================

Day     Jan.   Feb.   Mar.   Apr.   May    Jun.   Jul.   Aug.   Sep.   Oct.   Nov.   Dec.   Year
 01     35.2   29.8   28.9   32.4   72.5    176    288    398    358    183   80.3   61.5
 02     35.0   30.1   27.5   37.0   70.6    175    288    385    310    180   79.5   61.2
 03     34.5   29.8   27.5   36.8   66.2    186    360    415    293    177   78.7   60.8
 04     34.3   29.0   27.1   36.8   60.6    215    303    372    280    166   78.3   60.3
 05     33.7   29.0   27.7   37.5   60.4    172    409    373    298    155   77.5   60.2
 06     33.7   28.4   27.3   37.0   62.3    224    327    399    291    152   77.2   59.5
 07     33.3   28.3   27.5   39.8   61.2    202    342    416    260    147   76.3   59.3
 08     33.3   28.0   27.3   48.0   92.4    231    332    398    252    146   75.0   58.7
 09     32.4   27.5   27.8   49.3   87.8    297    357    391    333    147   74.2   58.5
 10     32.4   27.3   29.7   51.9   98.2    339    383    343    266    138   73.4   57.8
 11     32.4   27.7   42.6   47.7    110    457    418    326    283    132   73.2   62.8
 12     32.0   28.2   48.5   41.4    112    317    371    301    368    128   71.8   62.7
 13     32.0   27.8   30.2   40.0   89.6    261    456    299    437    126   72.6   59.2
 14     31.8   27.8   32.0   38.4   88.5    204    386    334    324    124   71.4   58.7
 15     32.2   26.7   29.6   37.2   96.0    176    496    367    258    120   70.6   58.7
 16     31.3   27.1   27.8   37.7    103    160    584    337    241    116   70.1   58.5
 17     31.3   27.5   27.7   37.2    108    154    511    309    231    113   69.7   58.2
 18     30.7   28.0   27.1   42.2    110    147    361    296    234    108   69.2   57.3
 19     30.7   27.8   26.9   39.1    107    148    397    288    249    105   68.7   58.0
 20     30.5   27.7   27.1   41.2   97.8    151    380    348    249    103   67.5   57.5
 21     30.7   28.0   28.4   41.4    119    147    413    411    231   98.8   67.0   57.2
 22     30.3   27.8   27.7   40.7    132    137    448    336    254   96.3   66.5   56.2
 23     29.6   29.6   27.5   41.2    125    165    549    423    456   94.0   67.0   56.0
 24     29.2   29.2   30.3   44.6    135    199    463    390    344   90.7   65.5   56.0
 25     28.4   30.9   32.6   46.1    142    234    474    540    279   88.9   65.2   55.2
 26     28.0   31.5   36.4   51.4    224    220    432    557    257   86.8   64.8   54.7
 27     28.4   32.6   30.9   47.2    201    323    444    498    224   85.7   64.5   54.8
 28     28.8   29.8   30.5   50.3    204    295    363    535    207   83.8   63.8   53.7
 29     28.8          28.4   51.6    185    356    362    440    199   82.6   62.7   53.8
 30     29.2          28.2   58.0    205    282    341    429    187   82.2   62.2   54.2
 31     29.2          29.7           200           376    413          83.6          54.2

Min     28.0   26.7   26.9   32.4   60.4    137    288    288    187   82.2   62.2   53.7   26.7
Mean    31.4   28.7   29.9   42.7    117    225    400    389    282    121   70.8   57.9    150
Max     35.2   32.6   48.5   58.0    224    457    584    557    456    183   80.3   62.8    584

