Station number: 445
Location:       Arughat                                                           Latitude: 28 02 37
River:          Burhi Gandaki                                                    Longitude: 84 48 59

Year:           1979

                                    Mean daily discharge in m3/s
                                    ============================

Day     Jan.   Feb.   Mar.   Apr.   May    Jun.   Jul.   Aug.   Sep.   Oct.   Nov.   Dec.   Year
 01     46.0   33.5   27.6   42.3    105   91.4    480    451    341    165    102   72.6
 02     45.0   33.5   27.6   49.0    117   99.8    517    455    365    163    101   68.2
 03     44.1   32.6   27.6   56.1    151    127    449    443    439    162   98.6   66.0
 04     43.2   31.8   28.4   69.3    138    131    339    429    375    160   97.4   64.9
 05     42.3   31.8   30.1   60.5    122    162    257    469    369    160   96.2   63.8
 06     43.2   31.8   31.0   51.0    113    153    243    480    321    157   93.8   62.7
 07     42.3   31.8   31.8   50.0   97.4    145    252    532    319    156   92.6   61.6
 08     42.3   31.0   31.8   56.1   98.6    154    269    508    309    154   90.2   60.5
 09     41.4   31.0   31.0   64.9   96.2    172    361    459    287    168   89.0   60.5
 10     41.4   31.0   31.0   59.4    106    185    315    441    273    177   89.0   59.4
 11     40.5   30.1   30.1   64.9    110    145    361    411    267    183   86.6   59.4
 12     40.5   30.1   31.8   71.5    105    165    369    381    263    180   85.4   56.1
 13     40.5   29.3   32.6   64.9    106    185    375    389    255    156   83.0   55.0
 14     39.6   29.3   35.2   69.3    131    183    337    447    248    157   83.0   52.0
 15     39.6   28.4   34.3   80.6    165    207    329    441    238    151   83.0   51.0
 16     39.6   29.3   35.2   61.6    207    238    329    379    247    151   81.8   50.0
 17     39.6   28.4   33.5   59.4    144    193    361    383    250    151   81.8   49.0
 18     38.7   28.4   32.6   59.4    136    175    409    373    240    150   79.4   47.0
 19     38.7   27.6   32.6   66.0    122    186    421    397    230    148   78.2   47.0
 20     38.7   43.2   32.6   75.9    135    226    471    520    223    147   78.2   46.0
 21     38.7   34.3   32.6   66.0    128    218    451    532    209    144   77.0   44.1
 22     37.8   31.0   33.5   61.6    120    287    401    425    193    142   74.8   42.3
 23     37.8   31.0   34.3   64.9    106    263    441    391    188    136   74.8   40.5
 24     36.9   31.8   34.3   60.5    101    285    617    369    182    134   73.7   39.6
 25     36.0   29.3   33.5   69.3   97.4    299    508    359    177    131   73.7   38.7
 26     35.2   28.4   32.6   85.4   96.2    297    425    367    175    125   72.6   39.6
 27     35.2   28.4   31.8   97.4   85.4    329    455    351    172    120   70.4   38.7
 28     34.3   28.4   31.8    114   78.2    359    453    363    171    115   69.3   38.7
 29     37.8          32.6    142   72.6    433    582    377    168    110   67.1   39.6
 30     36.0          38.7    118   72.6    435    505    361    166    108   73.7   42.3
 31     35.2          40.5          85.4           495    341           104          41.4

Min     34.3   27.6   27.6   42.3   72.6   91.4    243    341    166    104   67.1   38.7   27.6
Mean    39.6   30.9   32.4   70.4    114    218    406    420    255    147   83.2   51.6    156
Max     46.0   43.2   40.5    142    207    435    617    532    439    183    102   72.6    617

