Station number: 445
Location:       Arughat                                                           Latitude: 28 02 37
River:          Burhi Gandaki                                                    Longitude: 84 48 59

Year:           1971

                                    Mean daily discharge in m3/s
                                    ============================

Day     Jan.   Feb.   Mar.   Apr.   May    Jun.   Jul.   Aug.   Sep.   Oct.   Nov.   Dec.   Year
 01     43.0   35.0   29.5   41.0   69.6    190    356    312    339    165    124   73.5
 02     43.0   34.0   28.6   46.2   74.8    205    365    311    307    168    120   70.9
 03     42.0   34.0   28.6   49.5   86.5    212    438    298    300    163    119   72.2
 04     42.0   33.1   27.7   52.8   86.5    218    452    424    325    159    117   68.3
 05     41.0   34.0   27.7   58.6   81.3    222    446    359    370    172    112   65.8
 06     42.0   36.0   27.7   58.6   80.0    282    434    392    303    166    110   64.6
 07     43.0   34.0   27.7   62.2   76.1    316    388    440    287    159    110   63.4
 08     42.0   35.0   27.7   68.3   83.9    255    374    418    302    158    110   62.2
 09     43.0   35.0   26.8   78.7   76.1    274    366    414    316    176    106   59.8
 10     42.0   34.0   27.7   77.4   77.4    386    363    452    332    172    105   59.8
 11     42.0   34.0   26.8   72.2   74.8    452    357    446    303    165    103   59.8
 12     41.0   33.1   29.5   68.3   70.9    278    350    405    286    159   99.5   57.4
 13     40.0   34.0   30.4   68.3   70.9    273    339    401    267    161   99.5   57.4
 14     39.0   32.2   33.1   68.3   81.3    321    318    363    256    159   96.9   56.2
 15     39.0   32.2   32.2   64.6   77.4    356    314    392    239    152   95.6   53.9
 16     40.0   32.2   33.1   63.4   82.6    309    339    383    231    154   95.6   52.8
 17     40.0   33.1   34.0   64.6   85.2    300    347    386    223    216   93.0   51.7
 18     40.0   32.2   35.0   58.6    107    292    334    402    212    316   89.1   51.7
 19     39.0   32.2   39.0   85.2   83.9    289    316    363    205    189   86.5   51.7
 20     39.0   31.3   35.0   87.8   87.8    281    329    350    202    170   86.5   51.7
 21     38.0   31.3   33.1   86.5   93.0    290    314    343    195    154   85.2   51.7
 22     38.0   30.4   34.0   86.5   82.6    297    386    329    192    154   85.2   50.6
 23     37.0   30.4   36.0   85.2   78.7    318    390    332    217    147   85.2   49.5
 24     37.0   30.4   39.0   74.8   90.4    316    361    321    225    141   82.6   48.4
 25     36.0   30.4   41.0   72.2    101    348    336    307    208    137   80.0   47.3
 26     36.0   28.6   47.3   68.3   99.5    325    345    318    190    134   80.0   46.2
 27     35.0   29.5   48.4   63.4    110    356    330    300    180    142   77.4   46.2
 28     35.0   29.5   47.3   72.2    120    386    330    268    176    135   76.1   46.2
 29     36.0          46.2   69.6    140    356    338    270    173    134   76.1   46.2
 30     36.0          45.1   65.8    144    350    345    292    168    131   73.5   47.3
 31     36.0          44.0           147           316    338           127          46.2

Min     35.0   28.6   26.8   41.0   69.6    190    314    268    168    127   73.5   46.2   26.8
Mean    39.4   32.5   34.5   68.0   91.0    302    359    359    251    162   96.0   55.8    154
Max     43.0   36.0   48.4   87.8    147    452    452    452    370    316    124   73.5    452

