Station number: 445
Location:       Arughat                                                           Latitude: 28 02 37
River:          Burhi Gandaki                                                    Longitude: 84 48 59

Year:           2005

                                    Mean daily discharge in m3/s
                                    ============================

Day     Jan.   Feb.   Mar.   Apr.   May    Jun.   Jul.   Aug.   Sep.   Oct.   Nov.   Dec.   Year
 01     37.5   30.7   31.1   32.4   53.0    115    314    363    319    166   93.4   53.5
 02     37.0   30.3   33.3   33.3   53.5    113    440    434    323    154   88.4   53.0
 03     37.0   29.9   37.2   32.8   55.5    111    401    464    325    155   86.0   52.4
 04     37.2   29.4   38.4   32.4   60.8    109    428    527    356    152   83.0   50.8
 05     36.5   29.4   43.7   33.7   64.4   92.4    396    487    317    148   80.9   50.5
 06     35.8   29.0   34.3   45.4   67.6   85.3    558    517    303    151   77.6   50.8
 07     35.4   28.6   32.8   51.7   63.8   83.3    366    585    280    141   75.9   50.5
 08     34.7   28.4   32.2   46.4   78.3   86.7    320    436    269    129   74.3   50.2
 09     34.5   28.4   31.8   42.7   88.2   90.6    272    386    267    144   73.4   49.7
 10     34.1   28.6   32.0   36.3   97.0   99.6    321    341    264    123   73.1   48.9
 11     33.9   28.2   33.3   34.3   82.0    116    346    329    257    121   72.4   47.7
 12     33.0   28.2   31.3   35.2   76.3    126    379    537    243    120   72.7   46.4
 13     32.8   27.8   29.6   41.5   70.2    161    381    358    228    115   70.2   45.6
 14     32.6   28.2   29.4   50.6   69.2    176    471    375    271    113   69.5   45.1
 15     32.2   29.0   34.8   55.8   62.9    182    444    470    248    112   68.9   44.1
 16     31.8   31.1   33.5   62.3   73.8    191    431    477    207    107   67.6   44.1
 17     31.3   29.2   36.1   60.6   75.1    193    465    501    192    106   69.9   42.9
 18     44.6   27.8   40.5   59.4   81.3    222    573    477    191    102   68.3   42.4
 19     33.9   27.3   40.5   56.9   85.7   NA      479    620    205   98.8   67.0   41.4
 20     34.1   26.9   39.6   53.0   92.7   NA      402    536    195    144   66.4   41.0
 21     36.5   26.5   40.7   50.8   82.0   NA      386    525    228    179   67.0   39.8
 22     38.4   27.3   41.6   60.0   88.9   NA      432    552    243    115   67.4   39.1
 23     34.4   27.7   39.1   63.5   96.8   NA      443    539    240    104   65.5   37.9
 24     33.0   27.7   38.9   63.2    118   NA      429    538    233    116   64.1   37.0
 25     32.4   28.4   34.3   76.7    118    167    491    457    215    109   61.4   35.6
 26     31.8   27.3   32.2   73.5    122    191    525    504    194    106   60.3   35.8
 27     31.3   31.3   32.4   81.2    128    280    429    543    171    103   59.1   34.5
 28     30.7   30.7   33.7   76.4    122    240    428    392    168    100   57.1   34.1
 29     30.7          35.2   63.5    128    243    428    339    164   97.4   55.5   34.3
 30     30.7          34.1   57.4    133    301    438    312    159   95.6   54.4   34.5
 31     30.3          34.1           128           372    317          95.9          37.3

Min     30.3   26.5   29.4   32.4   53.0   NA      272    312    159   95.6   54.4   34.1   NA  
Mean    34.2   28.7   35.2   52.1   87.6   NA      419    459    242    123   70.4   43.6   NA  
Max     44.6   31.3   43.7   81.2    133   NA      573    620    356    179   93.4   53.5   NA  

