Station number: 445
Location:       Arughat                                                           Latitude: 28 02 37
River:          Burhi Gandaki                                                    Longitude: 84 48 59

Year:           1976

                                    Mean daily discharge in m3/s
                                    ============================

Day     Jan.   Feb.   Mar.   Apr.   May    Jun.   Jul.   Aug.   Sep.   Oct.   Nov.   Dec.   Year
 01     43.4   33.8   34.6   30.4   80.4    144    286    364    370    193    124   73.0
 02     42.5   32.9   37.1   31.2   77.1    153    305    372    396    181    119   72.0
 03     41.6   33.8   44.3   31.2   72.0    190    380    362    392    175    116   72.0
 04     40.7   32.1   52.4   30.4   79.3    196    317    494    354    172    112   70.0
 05     39.8   32.9   50.6   32.0   85.9    193    266    476    338    170    106   68.0
 06     39.8   32.0   47.9   31.2   96.6    182    256    418    329    171    105   66.0
 07     38.9   32.0   43.4   32.0   99.0    184    266    394    322    174    104   63.0
 08     38.9   32.0   38.0   32.0    104    182    274    396    310    171    105   61.0
 09     38.9   31.2   34.6   33.8    105    295    326    380    290    167    103   59.0
 10     38.0   31.2   33.8   38.9    107    238    430    372    271    164    103   57.0
 11     38.0   31.2   32.0   44.3    115    271    344    358    296    161    103   55.1
 12     38.0   31.2   32.0   51.5    127    474    286    352    261    158    101   53.3
 13     37.1   31.2   31.2   47.9    122    266    310    356    261    154   97.8   51.5
 14     36.3   31.2   32.0   58.0    122    212    329    372    254    154   96.6   50.6
 15     36.3   32.9   31.2   53.3    132    193    372    376    264    153   95.4   48.8
 16     35.4   32.0   32.0   55.1    135    192    382    416    268    153   93.0   47.9
 17     35.4   32.0   31.2   57.0    146    204    404    450    262    150   91.8   46.1
 18     35.4   32.0   31.2   53.3    140    194    364    400    251    149   91.8   43.4
 19     37.1   32.0   31.2   48.8    147    172    331    326    251    147   91.8   44.3
 20     36.3   32.9   29.5   75.0    123    164    335    414    246    144   89.4   43.4
 21     38.0   32.0   32.0   77.1    136    167    362    420    249    143   87.0   42.5
 22     36.3   31.2   33.8   83.7    164    164    364    430    243    142   83.7   43.4
 23     35.4   31.2   39.8   90.6    127    164    374    486    241    142   81.5   44.3
 24     35.4   32.0   33.8   85.9    124    199    406    474    235    140   82.6   42.5
 25     34.6   32.9   35.4   79.3    127    204    394    432    234    139   79.3   43.4
 26     34.6   32.0   38.0   78.2    135    208    376    412    229    135   79.3   42.5
 27     35.5   32.9   38.0   88.2    139    214    376    390    222    133   77.1   41.6
 28     34.6   32.9   34.6   93.0    144    280    346    372    210    133   76.0   42.5
 29     34.6   32.9   33.8   91.8    140    354    364    356    200    132   75.0   41.6
 30     34.6          32.0   84.8    143    312    360    396    199    130   75.0   40.7
 31     33.8          32.0           140           398    382           126          39.8

Min     33.8   31.2   29.5   30.4   72.0    144    256    326    199    126   75.0   39.8   29.5
Mean    37.3   32.2   35.9   57.3    120    219    345    400    275    153   94.8   51.9    152
Max     43.4   33.8   52.4   93.0    164    474    430    494    396    193    124   73.0    494

