Station number: 445
Location:       Arughat                                                           Latitude: 28 02 37
River:          Burhi Gandaki                                                    Longitude: 84 48 59

Year:           1990

                                    Mean daily discharge in m3/s
                                    ============================

Day     Jan.   Feb.   Mar.   Apr.   May    Jun.   Jul.   Aug.   Sep.   Oct.   Nov.   Dec.   Year
 01     39.1   33.0   28.6   34.3   65.5    169    300    415    334    237   95.6   57.7
 02     38.4   33.0   29.2   32.4   68.3    198    296    399    321    224   94.5   56.8
 03     38.4   32.4   29.2   35.0   69.2    217    328    369    321    214   94.5   56.0
 04     37.7   32.4   28.0   31.8   74.0    257    330    365    305    209   93.4   56.0
 05     36.3   31.8   28.0   31.1   71.1    246    420    350    477    208   92.3   54.4
 06     36.3   31.1   27.5   33.0   68.3    244    376    348    380    203   92.3   53.5
 07     35.6   31.1   27.5   38.4   62.9    187    496    409    420    193   90.2   51.9
 08     35.6   30.5   28.6   40.5   66.4    169    474    434    342    189   89.1   51.9
 09     35.0   29.8   28.0   40.5   69.2    184    511    474    328    181   87.0   51.0
 10     36.3   30.5   29.8   44.9   77.9    181    585    524    413    171   86.0   50.2
 11     36.3   31.8   28.6   59.4   94.5    217    494    462    472    167   84.0   49.4
 12     36.3   31.1   33.7   74.0    124    190    445    532    453    160   83.0   47.9
 13     36.3   30.5   28.6   84.0    113    200    432    472    462    154   80.9   47.9
 14     37.0   39.8   29.8   66.4    124    198    596    532    380    211   78.9   46.4
 15     37.7   32.4   29.8   62.9    130    208    555    467    358    157   76.9   45.6
 16     37.0   32.4   32.4   67.3    135    227    481    509    346    147   75.0   44.9
 17     37.0   30.5   35.6   64.7    157    311    453    486    324    138   73.1   44.1
 18     36.3   29.8   39.1   66.4    180    294    604    467    309    131   72.1   43.4
 19     36.3   29.8   37.7   85.0    151    298    552    491    309    128   70.2   43.4
 20     39.1   29.8   37.7   75.9    154    363    506    389    309    125   69.2   43.4
 21     39.1   29.2   43.4   76.9    153    372    445    380    317    119   67.3   44.9
 22     38.4   28.6   43.4   79.9    125    384    427    365    317    114   65.5   43.4
 23     38.4   28.6   78.9   82.0    114    336    532    346    321    111   63.8   42.6
 24     37.0   28.0   45.6   86.0    110    298    599    380    334    110   61.1   41.9
 25     37.0   29.2   37.0   89.1    108    296    524    354    315    109   60.3   41.2
 26     37.0   29.2   37.0   92.3    119    317    481    346    292    106   59.4   41.2
 27     37.0   29.8   34.3    104    122    294    436    630    281    106   59.4   40.5
 28     35.0   29.2   33.7   92.3    128    285    486    384    270    104   58.5   39.8
 29     35.0          33.7   76.9    162    330    486    443    264    102   58.5   39.1
 30     34.3          32.4   70.2    129    321    469    304    248    100   58.5   39.1
 31     34.3          32.4           139           462    348          98.8          38.4

Min     34.3   28.0   27.5   31.1   62.9    169    296    304    248   98.8   58.5   38.4   27.5
Mean    36.8   30.9   34.5   63.9    112    260    470    425    344    152   76.3   46.7    171
Max     39.1   39.8   78.9    104    180    384    604    630    477    237   95.6   57.7    630

