Station number: 445
Location:       Arughat                                                           Latitude: 28 02 37
River:          Burhi Gandaki                                                    Longitude: 84 48 59

Year:           1988

                                    Mean daily discharge in m3/s
                                    ============================

Day     Jan.   Feb.   Mar.   Apr.   May    Jun.   Jul.   Aug.   Sep.   Oct.   Nov.   Dec.   Year
 01     38.4   28.0   25.6   37.7    102    166    270    689    372    180   88.6   53.7
 02     37.7   28.0   26.2   34.7    113    130    299    558    368    164   87.5   52.8
 03     37.7   28.7   25.6   42.1    108    126    270    443    352    163   83.2   53.7
 04     36.9   28.7   26.2   47.0   83.2    121    315    396    333    157   84.2   52.8
 05     35.4   28.7   27.4   50.2   67.6    123    531    374    323    188   88.6   54.6
 06     34.7   29.3   28.0   52.8   70.6    117    563    436    337    157   79.9   52.8
 07     34.0   29.3   26.8   66.6   93.1    126    392    520    406    145   76.7   52.8
 08     34.0   28.7   28.7   82.1    113    122    331    485    453    147   74.7   52.0
 09     33.4   28.7   35.4   81.0    109    131    498    434    408    138   72.6   51.1
 10     34.0   28.0   29.3   64.7    119    138    495    515    361    134   70.6   50.2
 11     33.4   28.7   29.3   62.8    113    209    446    503    280    130   68.5   49.4
 12     32.7   28.0   30.7   75.7   97.6    201    508    505    263    127   67.6   50.2
 13     32.7   28.0   28.7   70.6    106    256    531    498    250    124   66.6   50.2
 14     32.0   27.4   28.7   82.1   96.5    183    439    485    245    122   65.7   47.8
 15     32.0   26.8   26.2   67.6    105    220    465    523    248    122   64.7   46.2
 16     31.4   26.8   28.0   63.8   88.6    241    441    513    236    121   64.7   46.2
 17     31.4   26.2   30.0   63.8    109    280    443    480    232    121   64.7   44.5
 18     31.4   26.2   29.3   63.8    124    201    424    477    285    115   63.8   46.2
 19     30.7   25.6   28.7   69.5    130    188    470    485    239    111   64.7   43.7
 20     30.7   27.4   27.4   69.5    122    184    441    451    213    111   62.8   42.9
 21     30.0   26.8   27.4   62.8    118    227    534    485    239    109   61.9   42.9
 22     30.7   26.2   27.4   63.8    119    254    493    498    257    106   60.9   41.4
 23     30.0   26.2   27.4   71.6    131    256    477    574    222    104   60.9   41.4
 24     29.3   25.6   29.3   66.6    121    319    460    503    213    104   58.1   41.4
 25     29.3   26.8   32.0   65.7    127    265    537    500    206    101   57.2   40.6
 26     28.7   26.2   36.9   60.9    133    266    498    477    203   98.7   56.4   79.9
 27     28.7   27.4   38.4   58.1    138    245    480    448    198   97.6   56.4   47.0
 28     28.7   25.6   38.4   62.8    151    263    528    475    210   95.3   55.5   43.7
 29     28.0   27.4   36.9   67.6    160    274    515    477    231   94.2   53.7   44.5
 30     28.0          39.9   84.2    155    259    439    419    189   92.0   52.8   42.9
 31     28.0          43.7           148           518    387          90.8          42.1

Min     28.0   25.6   25.6   34.7   67.6    117    270    374    189   90.8   52.8   40.6   25.6
Mean    32.1   27.4   30.4   63.7    115    203    453    484    279    125   67.8   48.4    161
Max     38.4   29.3   43.7   84.2    160    319    563    689    453    188   88.6   79.9    689

