Station number: 445
Location:       Arughat                                                           Latitude: 28 02 37
River:          Burhi Gandaki                                                    Longitude: 84 48 59

Year:           1980

                                    Mean daily discharge in m3/s
                                    ============================

Day     Jan.   Feb.   Mar.   Apr.   May    Jun.   Jul.   Aug.   Sep.   Oct.   Nov.   Dec.   Year
 01     38.7   29.3   30.1   42.3    108    114    339    570    343    202    117   70.4
 02     37.8   28.4   31.0   42.3    113    114    341    570    385    196    113   69.3
 03     37.8   28.4   31.0   43.2    131    157    349    508    419    191    106   68.2
 04     37.8   28.4   30.1   42.3    132    160    475    495    419    185    105   68.2
 05     36.9   28.4   36.0   47.0    129    157    389    517    459    182    104   67.1
 06     36.0   28.4   30.1   54.0    128    159    435    475    451    180    102   64.9
 07     36.0   27.6   31.0   56.1    127    182    441    575    395    177    101   63.8
 08     35.2   27.6   31.8   62.7    134    261    441    620    363    174   98.6   63.8
 09     35.2   27.6   33.5   55.0    132    465    453    542    373    169   96.2   61.6
 10     34.3   26.9   33.5   51.0    108    209    475    563    397    169   96.2   61.6
 11     34.3   26.9   31.8   48.0    101    185    469    558    431    166   96.2   61.6
 12     33.5   26.1   33.5   54.0   96.2    233    520    527    393    163   95.0   61.6
 13     33.5   26.1   32.6   57.2   96.2    209    530    530    383    163   93.8   61.6
 14     32.6   27.6   31.8   66.0    102    201    500    530    359    160   93.8   60.5
 15     32.6   26.9   31.8   63.8    105    201    500    500    341    157   91.4   60.5
 16     32.6   26.9   33.5   61.6    108    199    500    417    333    154   90.2   59.4
 17     32.6   26.9   32.6   61.6    106    221    555    405    335    153   86.6   59.4
 18     31.8   27.6   32.6   61.6    102    204    537    403    329    153   85.4   58.3
 19     31.8   26.9   34.3   68.2    102    204    563    397    327    151   84.2   58.3
 20     31.0   27.6   36.0   63.8    115    221    587    383    319    148   80.6   57.2
 21     31.0   28.4   43.2   66.0    117    252    550    377    299    147   78.2   57.2
 22     31.0   28.4   66.0   79.4    120    269    568    508    273    144   75.9   56.1
 23     30.1   32.6   55.0   92.6    120    279    547    445    271    145   74.8   56.1
 24     30.1   31.0   49.0   67.1    122    271    492    421    273    139   73.7   55.0
 25     30.1   31.0   48.0   62.7    122    269    461    419    259    139   73.7   55.0
 26     30.1   30.1   50.0   64.9    125    289    453    411    250    138   72.6   53.0
 27     30.1   32.6   46.0   87.8    114    309    525    443    235    134   72.6   52.0
 28     31.0   31.0   45.0   84.2   96.2    345    441    455    228    131   72.6   51.0
 29     31.0   30.1   43.2    102   95.0    345    429    391    219    128   71.5   51.0
 30     30.1          42.3    105   99.8    339    545    371    214    125   70.4   50.0
 31     29.3          43.2           124           563    345           121          49.0

Min     29.3   26.1   30.1   42.3   95.0    114    339    345    214    121   70.4   49.0   26.1
Mean    33.1   28.5   38.0   63.8    114    234    483    473    336    158   89.1   59.4    176
Max     38.7   32.6   66.0    105    134    465    587    620    459    202    117   70.4    620

