Station number: 445
Location:       Arughat                                                           Latitude: 28 02 37
River:          Burhi Gandaki                                                    Longitude: 84 48 59

Year:           1985

                                    Mean daily discharge in m3/s
                                    ============================

Day     Jan.   Feb.   Mar.   Apr.   May    Jun.   Jul.   Aug.   Sep.   Oct.   Nov.   Dec.   Year
 01     36.9   29.3   39.9   39.9   42.9    122    287    307    406    207    147   73.6
 02     36.9   28.7   39.9   39.9   43.7    115    236    287    390    204    144   71.6
 03     35.4   28.7   41.4   39.1   46.2    101    219    278    396    200    141   69.5
 04     36.9   28.7   42.1   39.9   44.5   92.0    281    281    403    193    138   68.5
 05     36.2   31.4   42.9   39.1   43.7   86.4    297    283    424    181    135   67.6
 06     35.4   30.7   45.3   38.4   42.9    152    436    276    381    175    131   64.7
 07     35.4   30.0   43.7   37.7   42.1    133    490    287    359    178    126   62.8
 08     34.7   29.3   42.9   37.7   42.9    119    403    283    344    180    121   61.9
 09     34.0   28.7   43.7   40.6   42.9    104    406    276    337    183    118   59.0
 10     34.0   29.3   42.9   47.0   47.0   98.7    325    278    381    311    114   56.4
 11     33.4   28.7   41.4   47.0   52.0   92.0    335    283    361    289    110   56.4
 12     33.4   28.7   41.4   44.5   52.8   90.8    342    281    417    229    108   54.6
 13     32.7   28.7   42.1   53.7   52.8   85.3    401    285    383    209    104   52.8
 14     32.0   28.7   39.9   48.6   60.9    127    482    281    368    195    102   52.0
 15     32.0   28.0   40.6   48.6   57.2    137    508    363    387    195    101   52.0
 16     32.7   28.0   39.9   51.1   64.7    133    361    325    431    188   98.7   52.0
 17     32.0   27.4   39.9   51.1   59.0    141    412    309    372    181   97.6   51.1
 18     32.0   27.4   37.7   51.1   59.0    169    424    329    361    342   94.2   51.1
 19     32.0   33.4   36.2   52.0   58.1    149    394    323    319    412   92.0   49.4
 20     31.4   34.7   36.2   49.4   59.0    167    392    427    285    315   89.7   50.2
 21     31.4   34.0   37.7   47.8   68.5    173    422    419    270    198   88.6   50.2
 22     31.4   33.4   37.7   72.6   60.9    186    458    453    259    195   87.5   49.4
 23     30.7   35.4   39.9   71.6   65.7    250    508    422    254    191   85.3   49.4
 24     31.4   38.4   36.9   67.6   67.6    204    458    387    248    184   83.2   49.4
 25     30.7   37.7   38.4   62.8   76.7    200    475    379    243    178   81.0   50.2
 26     30.7   36.2   37.7   54.6   79.9    198    455    370    239    172   79.9   51.1
 27     30.0   36.2   38.4   48.6    106    210    470    406    227    169   77.8   55.5
 28     30.0   39.1   39.9   47.0    121    274    422    387    213    164   76.7   51.1
 29     30.0          42.1   46.2    114    209    359    381    217    158   75.7   50.2
 30     30.0          39.9   43.7    108    243    335    376    211    157   73.6   50.2
 31     29.3          39.1           108           337    443           154          48.6

Min     29.3   27.4   36.2   37.7   42.1   85.3    219    276    211    154   73.6   48.6   27.4
Mean    32.7   31.4   40.2   48.6   64.2    152    391    338    330    209    104   55.9    150
Max     36.9   39.1   45.3   72.6    121    274    508    453    431    412    147   73.6    508

