Station number: 445
Location:       Arughat                                                           Latitude: 28 02 37
River:          Burhi Gandaki                                                    Longitude: 84 48 59

Year:           2002

                                    Mean daily discharge in m3/s
                                    ============================

Day     Jan.   Feb.   Mar.   Apr.   May    Jun.   Jul.   Aug.   Sep.   Oct.   Nov.   Dec.   Year
 01     35.9   30.5   28.4   37.6   60.7   99.9    463    543    322    220   93.5   65.0
 02     35.4   29.8   29.4   34.7   64.3    111    579    517    326    216   90.1   62.8
 03     35.0   29.1   29.4   47.9   69.7    116    631    529    343    204   85.7   63.1
 04     35.0   29.1   31.5   39.6   81.3    118    589    534    435    197   81.3   61.8
 05     34.5   28.9   31.2   43.1   89.7    130    405    522    474    178   77.1   60.9
 06     34.3   28.4   31.2   57.3   93.1    124    482    482    455    177   74.3   59.3
 07     34.0   28.4   31.5   61.3    109    126    405    397    387    176   71.6   57.2
 08     33.8   28.0   31.0   63.7   90.0    138    389    356    371    174   69.9   56.7
 09     33.3   27.7   31.2   64.7    101    139    363    378    338    170   70.9   55.8
 10     33.1   27.7   32.2   57.5    121    198    444    416    340    160   75.7   54.9
 11     32.6   27.7   32.6   56.0    107    273    401    494    281    154   75.4   53.7
 12     32.6   42.0   32.9   45.7    106    271    421    519    341    150   76.1   53.4
 13     32.2   33.8   34.0   44.4    104    280    326    500    310    148   85.3   54.0
 14     31.9   32.9   40.7   54.5    156    240    378    536    274    142   78.1   55.2
 15     31.2   30.5   38.8   60.7    170    241    359    482    266    137   77.1   53.7
 16     50.0   30.5   38.3   70.7    219    244    345    468    250    134   75.0   53.1
 17     35.9   30.1   40.7   85.7    203    262    312    537    259    132   74.0   53.1
 18     33.6   29.8   35.0   99.5    281    229    326    579    263    127   73.6   52.0
 19     34.0   29.1   35.4   90.0    297    265    347    488    265    124   72.3   51.4
 20     33.3   29.1   35.9   92.4    179    289    418    583    244    120   72.6   50.5
 21     33.1   29.1   38.5    107    124    287    512    683    213    117   71.6   50.5
 22     32.6   28.9   43.3   80.3    117    244    563    687    291    117   69.9   50.2
 23     31.9   29.1   47.3   89.7    112    230    557    578    238    116   69.2   50.0
 24     31.2   28.7   44.1   90.0    104    266    544    535    238    114   69.5   48.9
 25     31.0   29.1   52.1   89.7    112    280    512    492    280    108   68.5   47.2
 26     30.5   28.7   51.4   94.3    121    337    393    470    387    103   67.6   47.2
 27     30.5   28.4   37.1   73.3    111    401    397    417    310    104   66.9   47.0
 28     31.9   28.2   36.1   66.3    121    336    548    458    262    101   66.6   46.4
 29     31.2          35.9   62.3    111    349    461    421    243    101   66.0   46.2
 30     30.8          35.0   56.0   96.9    403    401    387    231   96.9   65.7   44.5
 31     30.5          36.8          94.8           524    366          94.2          44.5

Min     30.5   27.7   28.4   34.7   60.7   99.9    312    356    213   94.2   65.7   44.5   27.7
Mean    33.4   29.8   36.4   67.2    127    234    445    495    308    142   74.4   53.2    170
Max     50.0   42.0   52.1    107    297    403    631    687    474    220   93.5   65.0    687

