Station number: 445
Location:       Arughat                                                           Latitude: 28 02 37
River:          Burhi Gandaki                                                    Longitude: 84 48 59

Year:           1978

                                    Mean daily discharge in m3/s
                                    ============================

Day     Jan.   Feb.   Mar.   Apr.   May    Jun.   Jul.   Aug.   Sep.   Oct.   Nov.   Dec.   Year
 01     43.2   34.3   34.3   40.5    111    209    359    483    317    218    132   72.6
 02     43.2   34.3   33.5   37.8    128    191    421    505    305    213    122   83.0
 03     43.2   33.5   34.3   36.9    131    202    407    517    371    202    122   72.6
 04     42.3   33.5   34.3   35.2    135    199    359    530    357    275    117   70.4
 05     43.2   32.6   36.0   34.3    131    191    325    487    319    435    115   66.0
 06     42.3   32.6   36.0   37.8    136    185    391    471    305    329    110   63.8
 07     42.3   31.8   36.9   51.0    131    186    379    475    321    277    110   61.6
 08     42.3   31.8   37.8   55.0    139    202    373    478    305    243    108   61.6
 09     41.4   31.0   37.8   63.8    145    204    361    475    381    233    106   60.5
 10     41.4   31.0   37.8   61.6    145    216    381    483    357    228    105   59.4
 11     40.5   30.1   35.2   64.9    145    199    359    573    341    223    102   60.5
 12     40.5   30.1   54.0   63.8    145    224    359    512    331    218   99.8   58.3
 13     39.6   30.1   37.8   64.9    153    240    367    492    329    211   98.6   58.3
 14     39.6   28.4   40.5   77.0    159    240    351    467    347    204   97.4   56.1
 15     39.6   28.4   40.5   84.2    175    236    355    451    321    199   97.4   54.0
 16     39.6   36.0   39.6   97.4    190    223    500    447    331    190   95.0   56.1
 17     38.7   38.7   41.4    113    199    216    441    449    309    188   92.6   54.0
 18     38.7   40.5   72.6    131    209    224    391    431    301    186   93.8   53.0
 19     38.7   36.9   48.0    109    196    252    395    417    285    178   91.4   53.0
 20     37.8   34.3   44.1   97.4    193    253    391    409    345    174   89.0   52.0
 21     37.8   34.3   41.4   97.4    186    259    431    419    281    168   87.8   52.0
 22     36.9   33.5   41.4   95.0    177    271    419    395    257    166   86.6   50.0
 23     36.9   32.6   39.6   96.2    175    279    411    385    241    166   83.0   50.0
 24     36.9   33.5   37.8   90.2    178    293    457    387    240    163   79.4   50.0
 25     36.0   34.3   39.6   74.8    169    417    447    391    226    160   77.0   49.0
 26     36.0   34.3   42.3   85.4    162    397    455    389    228    159   74.8   50.0
 27     36.0   36.0   37.8   93.8    163    371    465    381    265    153   73.7   49.0
 28     35.2   35.2   37.8   97.4    169    375    515    375    250    150   70.4   50.0
 29     35.2          40.5    108    180    415    453    355    233    144   68.2   48.0
 30     34.3          47.0    109    171    490    459    343    223    141   68.2   48.0
 31     33.5          43.2           190           475    331           136          47.0

Min     33.5   28.4   33.5   34.3    111    185    325    331    223    136   68.2   47.0   28.4
Mean    39.1   33.3   40.7   76.8    162    262    408    442    301    204   95.8   57.1    177
Max     43.2   40.5   72.6    131    209    490    515    573    381    435    132   83.0    573

