Station number: 445
Location:       Arughat                                                           Latitude: 28 02 37
River:          Burhi Gandaki                                                    Longitude: 84 48 59

Year:           2004

                                    Mean daily discharge in m3/s
                                    ============================

Day     Jan.   Feb.   Mar.   Apr.   May    Jun.   Jul.   Aug.   Sep.   Oct.   Nov.   Dec.   Year
 01     39.1   28.8   29.8   32.4   51.1    124    253    522    387    232    105   56.0
 02     38.9   28.4   29.4   31.5   44.4    106    259    603    375    308   98.8   54.4
 03     38.4   28.0   30.7   38.9   41.2    112    250    518    385    287   95.2   53.2
 04     37.2   28.0   32.0   35.9   42.2    104    273    494    401    261   90.9   53.2
 05     37.0   27.8   31.5   35.7   41.0    112    343    481    320    238   88.8   52.7
 06     36.3   27.5   29.6   35.4   38.4   97.8    392    459    296    209   85.3   52.4
 07     36.1   27.1   27.7   35.0   44.1   95.6    403    483    291    216   83.6   53.0
 08     35.4   28.0   26.3   36.3   53.5    107    385    561    296    198   83.0   52.7
 09     34.7   29.7   26.9   36.3   53.5    121    350    483    313    183   81.9   52.4
 10     34.7   29.7   28.4   37.0   62.9    141    295    538    380    176   79.9   51.9
 11     35.2   27.1   29.0   43.9   77.1    159    505    485    320    172   75.6   51.6
 12     35.2   27.3   28.0   54.9   78.0    140    434    455    294    171   74.0   51.0
 13     35.1   28.4   29.4   51.9   77.4    120    413    489    257    222   72.7   51.9
 14     33.7   27.5   28.4   48.2   82.6    153    360    440    252    159   71.8   53.2
 15     32.2   27.1   29.2   43.5   89.6    207    420    458    283    130   71.5   53.2
 16     32.0   27.3   30.3   37.5   96.4    231    382    475    274    196   71.5   51.3
 17     31.8   28.4   32.0   42.6    124    244    441    497    263    193   71.1   50.2
 18     31.3   28.9   35.0   49.1    136    404    423    520    265    187   69.9   49.7
 19     32.2   27.1   37.7   42.7    139    320    369    539    267    184   68.9   48.4
 20     31.8   26.9   43.1   47.2    179    346    499    631    281    168   66.7   47.2
 21     31.5   27.3   46.1   53.0    170    339    451    584    268    150   65.2   46.1
 22     33.3   29.2   54.3   50.5    113    381    488    476    297    135   64.1   45.1
 23     32.8   29.4   60.3   49.3    120    343    361    418    230    125   62.6   43.6
 24     34.3   31.3   56.6   47.7    134    321    423    389    258    121   61.7   41.9
 25     32.4   32.0   50.3   48.7    113    228    580    360    234    119   61.4   40.3
 26     31.1   32.8   46.4   45.9   87.4    201    492    342    233    117   60.6   39.3
 27     31.1   33.3   43.2   45.1   97.9    217    510    343    227    115   59.7   38.6
 28     30.7   32.0   35.2   52.5   93.5    213    495    345    227    115   58.3   38.4
 29     30.5   30.5   33.9   49.6    105    212    527    366    261    113   57.7   37.7
 30     30.1          33.5   55.5   87.4    261    521    376    226    112   56.8   37.9
 31     29.6          32.8          81.3           519    367           107          38.9

Min     29.6   26.9   26.3   31.5   38.4   95.6    250    342    226    107   56.8   37.7   26.3
Mean    33.7   28.9   35.7   43.8   88.8    205    413    468    289    175   73.8   48.0    159
Max     39.1   33.3   60.3   55.5    179    404    580    631    401    308    105   56.0    631

