Station number: 445
Location:       Arughat                                                           Latitude: 28 02 37
River:          Burhi Gandaki                                                    Longitude: 84 48 59

Year:           1987

                                    Mean daily discharge in m3/s
                                    ============================

Day     Jan.   Feb.   Mar.   Apr.   May    Jun.   Jul.   Aug.   Sep.   Oct.   Nov.   Dec.   Year
 01     39.1   34.0   30.0   47.8   60.9    135    291    446    419    158    110   58.1
 02     38.4   33.4   29.3   59.0   58.1    147    278    495    441    151    108   57.2
 03     37.7   33.4   29.3   53.7   60.0    152    571    460    453    144    106   54.6
 04     36.9   37.7   30.0   47.0   65.7    184    335    410    443    144    104   54.6
 05     36.9   33.4   29.3   46.2   60.0    167    299    412    368    142    102   52.8
 06     36.2   32.7   30.0   48.6   56.4    158    374    401    335    138    101   52.0
 07     35.4   32.0   34.0   52.0   68.5    152    365    408    329    137   99.9   51.1
 08     34.7   33.4   32.0   56.4   62.8    163    455    376    331    134   99.9   50.2
 09     34.0   32.7   30.0    147   59.0    157    441    406    329    134   97.6   48.6
 10     34.0   32.0   29.3   64.7   59.0    201    422    429    374    130   96.5   49.4
 11     33.4   32.0   29.3   50.2   60.9    184    534    503    354    127   94.2   50.2
 12     36.9   32.0   28.7   47.8   58.1    214    453    616    313    128   93.1   73.6
 13     36.2   32.7   28.0   47.8   54.6    206    488    520    283    127   90.8   52.0
 14     35.4   32.0   30.0   46.2   58.1    188    412    508    261    127   88.6   47.8
 15     34.7   31.4   29.3   45.3   59.0    204    372    473    270    127   87.5   45.3
 16     34.0   31.4   30.0   46.2   60.9    207    340    434    265    124   85.3   44.5
 17     36.9   30.7   32.7   47.0   60.9    193    335    342    245    124   83.2   44.5
 18     36.2   31.4   33.4   47.0   62.8    180    348    321    232    123   81.0   43.7
 19     35.4   31.4   32.7   50.2   69.5    167    352    374    229    217   77.8   42.9
 20     35.4   30.0   31.4   52.0   74.7    157    350    357    245    189   73.6   41.4
 21     35.4   30.0   30.0   53.7   92.0    152    401    333    217    144   70.6   39.9
 22     34.7   29.3   31.4   70.6    101    211    408    344    276    142   69.5   40.6
 23     34.0   29.3   33.4   61.9    114    231    498    381    283    138   67.6   39.9
 24     34.0   30.0   36.9   61.9    108    213    513    555    236    135   66.6   40.6
 25     34.7   29.3   45.3   54.6    101    207    662    370    217    131   64.7   39.1
 26     34.7   30.0   39.9   50.2   89.7    200    568    477    203    130   62.8   38.4
 27     34.0   32.7   39.1   50.2   93.1    206    515    394    196    122   62.8   38.4
 28     34.0   30.0   38.4   48.6    111    207    500    473    178    118   60.9   38.4
 29     34.7          39.1   49.4    115    265    482    482    166    115   60.0   37.7
 30     34.7          45.3   70.6    124    390    473    477    158    114   59.0   37.7
 31     34.0          46.2           130           455    424           111          38.4

Min     33.4   29.3   28.0   45.3   54.6    135    278    321    158    111   59.0   37.7   28.0
Mean    35.4   31.8   33.3   55.8   77.7    193    429    432    288    136   84.2   46.6    154
Max     39.1   37.7   46.2    147    130    390    662    616    453    217    110   73.6    662

