Station number: 445
Location:       Arughat                                                           Latitude: 28 02 37
River:          Burhi Gandaki                                                    Longitude: 84 48 59

Year:           2001

                                    Mean daily discharge in m3/s
                                    ============================

Day     Jan.   Feb.   Mar.   Apr.   May    Jun.   Jul.   Aug.   Sep.   Oct.   Nov.   Dec.   Year
 01     42.8   34.7   29.1   31.2   62.3    106    395    488    444    189   89.0   55.3
 02     41.7   33.6   28.4   30.5   75.7    107    335    482    412    210   87.3   55.3
 03     41.5   32.4   27.7   35.4   68.7    124    333    772    389    193   86.7   54.7
 04     41.2   32.9   27.3   34.0   66.3    140    359    610    374    197   85.7   54.3
 05     40.7   32.4   26.8   30.3   60.7    371    359    570    490    181   84.3   54.3
 06     40.7   31.9   27.0   30.5   66.0    207    330    583    374    172   82.3   54.3
 07     40.1   31.2   27.3   31.5   82.7    166    351    454    389    173   78.7   53.5
 08     39.9   30.8   27.7   31.0   73.0    162    348    373    433    170   78.3   52.7
 09     39.3   31.5   28.4   36.1    200    185    320    401    462    168   75.0   51.9
 10     38.3   31.0   28.4   36.9   96.7    160    421    379    389    181   72.3   50.3
 11     37.5   30.8   27.7   35.7   80.0    175    629    355    382    177   69.7   50.3
 12     37.5   30.5   27.7   36.1   73.7    193    512    343    450    165   67.0   50.0
 13     36.8   30.1   28.7   37.6   75.7    217    520    354    461    146   64.7   49.5
 14     36.1   29.6   29.4   40.4    118    234    542    344    456    133   61.7   49.7
 15     36.1   29.1   29.1   39.3    102    289    644    445    393    123   59.3   49.5
 16     35.4   29.1   30.1   38.0    103    352    685    473    365    118   57.3   48.7
 17     35.4   29.8   29.4   37.1   93.8    391    515    453    328    119   56.3   48.7
 18     34.5   29.1   29.8   45.2   80.3    337    449    610    316    119   56.3   45.7
 19     34.5   29.4   29.1   41.7   80.7    367    453    626    294    115   56.7   44.4
 20     34.5   29.1   29.1   39.9   81.0    478    508    648    272    114   56.3   43.6
 21     34.5   28.7   28.9   39.1   88.5    534    424    728    251    113   56.0   43.3
 22     34.0   29.1   29.4   37.5   92.8    371    428    740    248    112   56.3   42.5
 23     33.3   29.4   29.6   39.9   94.8    353    457    703    262    110   56.7   42.3
 24     34.3   30.1   28.7   43.1    122    330    449    649    262    109   57.3   41.2
 25     34.7   32.6   28.4   45.5    143    483    544    618    223    111   56.3   40.4
 26     35.0   39.0   28.2   54.1    144    357    700    507    211    103   56.7   39.9
 27     35.4   30.1   28.4   58.3    139    358    490    457    216   99.9   56.3   38.8
 28     35.4   29.8   28.2   60.7    131    418    473    551    208   99.9   56.3   38.3
 29     36.1          37.3   55.7    126    358    674    421    197   97.3   55.7   36.8
 30     36.8          32.2   59.0    124    379    674    438    190   92.3   55.7   36.4
 31     37.3          31.2           118           560    363          90.3          36.3

Min     33.3   28.7   26.8   30.3   60.7    106    320    343    190   90.3   55.7   36.3   26.8
Mean    37.1   31.0   29.0   40.4   98.8    290    480    514    338    139   66.3   46.9    176
Max     42.8   39.0   37.3   60.7    200    534    700    772    490    210   89.0   55.3    772

