Station number: 445
Location:       Arughat                                                           Latitude: 28 02 37
River:          Burhi Gandaki                                                    Longitude: 84 48 59

Year:           1975

                                    Mean daily discharge in m3/s
                                    ============================

Day     Jan.   Feb.   Mar.   Apr.   May    Jun.   Jul.   Aug.   Sep.   Oct.   Nov.   Dec.   Year
 01     49.7   42.5   40.7   51.5   91.8    119    490    384    340    329    135   81.5
 02     49.7   38.0   40.7   59.0   93.0    124    424    404    348    324    132   80.4
 03     48.8   38.0   40.7   72.0   96.6    124    378    590    394    319    132   78.2
 04     49.7   38.0   44.3   83.7    109    131    376    456    384    308    130   76.0
 05     48.8   38.9   47.9    111    123    133    340    408    370    303    128   74.0
 06     48.8   38.0   51.5    123    130    136    400    376    370    295    127   72.0
 07     48.8   38.0   50.6    122    137    139    390    358    364    285    126   68.0
 08     47.9   38.0   51.5    122    151    140    514    364    362    280    123   64.0
 09     47.9   37.1   49.7   85.9    154    161    406    376    360    291    119   62.0
 10     47.0   37.1   53.3   77.1    150    164    414    384    372    274    117   58.0
 11     47.0   37.1   49.7   73.0    154    163    414    394    352    268    116   58.0
 12     46.1   37.1   43.4   66.0    160    170    428    380    352    259    113   57.0
 13     46.1   37.1   44.3   57.0    170    170    402    364    354    248    111   57.0
 14     45.2   37.1   44.3   45.2    192    208    408    360    348    241    109   56.0
 15     45.2   38.0   43.4   45.2    200    211    384    398    354    232    110   56.0
 16     44.3   38.0   43.4   47.0    182    266    384    366    348    208    107   56.0
 17     44.3   38.9   45.2   47.9    177    293    384    372    354    223    103   55.1
 18     44.4   38.9   44.3   52.4    165    305    420    360    356    210    100   54.2
 19     43.4   38.9   43.4   57.0    157    302    430    356    360    201   97.8   54.2
 20     42.5   38.9   45.2   66.0    147    356    416    354    364    187   95.4   53.3
 21     41.6   38.0   44.3   95.4    133    480    412    348    360    168   93.0   52.4
 22     41.6   39.8   45.2    112    124    320    396    352    370    161   93.0   51.5
 23     40.7   39.8   46.1    124    123    273    394    350    356    157   90.6   51.5
 24     40.7   39.8   46.1    127    115    308    424    342    356    156   88.2   50.6
 25     40.7   40.7   45.2    103    112    319    404    336    368    149   87.0   48.8
 26     39.8   39.8   47.0   93.0    109    322    400    327    364    146   88.2   46.1
 27     39.8   39.8   47.9   91.8    104    372    422    326    356    142   85.9   44.3
 28     39.8   40.7   48.8   88.2    101    448    562    342    350    139   84.8   44.3
 29     38.9          49.7   81.5    107    384    408    335    344    136   84.8   44.3
 30     45.2          49.7   80.4    113    422    402    336    335    133   83.7   43.4
 31     53.3          44.3           118           384    350           133          43.4

Min     38.9   37.1   40.7   45.2   91.8    119    340    326    335    133   83.7   43.4   37.1
Mean    45.1   38.6   46.2   82.0    135    249    413    373    359    223    107   57.8    177
Max     53.3   42.5   53.3    127    200    480    562    590    394    329    135   81.5    590

