Station number: 445
Location:       Arughat                                                           Latitude: 28 02 37
River:          Burhi Gandaki                                                    Longitude: 84 48 59

Year:           1981

                                    Mean daily discharge in m3/s
                                    ============================

Day     Jan.   Feb.   Mar.   Apr.   May    Jun.   Jul.   Aug.   Sep.   Oct.   Nov.   Dec.   Year
 01     47.0   39.6   43.2   58.3    106    144    449    570    363    243    108   60.5
 02     48.0   39.6   46.0   48.0    108    174    471    555    353    233    106   62.7
 03     47.0   41.4   43.2   69.3    110    174    483    520    341    228    105   60.5
 04     47.0   39.6   41.4   71.5    108    175    480    503    335    223    102   59.4
 05     47.0   38.7   40.5   57.2    115    178    461    475    305    218   99.8   59.4
 06     46.0   38.7   40.5   50.0    115    144    449    459    331    211   98.6   58.3
 07     45.0   39.6   38.7   51.0    109    148    395    455    353    204   97.4   57.2
 08     45.0   37.8   41.4   56.1    113    148    381    449    317    199   97.4   58.3
 09     45.0   37.8   41.4   60.5    118    150    399    427    385    190   95.0   57.2
 10     44.1   37.8   39.6   61.6    117    160    339    409    500    188   92.6   58.3
 11     44.1   37.8   38.7   66.0    115    165    345    381    355    186   91.4   57.2
 12     43.2   38.7   38.7   66.0    108    168    391    421    303    178   89.0   56.1
 13     43.2   38.7   37.8   67.1    102    198    403    419    293    174   86.6   55.0
 14     43.2   39.6   36.0   78.2    102    204    459    389    281    168   84.2   53.0
 15     43.2   40.5   39.6   95.0    108    180    441    409    275    166   80.6   53.0
 16     42.3   41.4   41.4    127    108    196    525    391    259    166   77.0   52.0
 17     42.3   42.3   39.6   95.0    121    235    505    478    253    163   77.0   50.0
 18     42.3   43.2   38.7   92.6    127    263    461    465    259    160   74.8   48.0
 19     41.4   43.2   38.7   86.6    132    315    455    455    259    159   73.7   47.0
 20     41.4   42.3   38.7   71.5    124    345    469    469    250    153   71.5   47.0
 21     41.4   42.3   40.5   81.8    128    349    459    471    247    150   70.4   47.0
 22     40.5   42.3   39.6    102    131    331    517    459    241    144   68.2   47.0
 23     41.4   42.3   40.5    101    121    371    487    492    236    141   69.3   46.0
 24     41.4   42.3   39.6    106    124    379    455    459    233    136   67.1   45.0
 25     44.1   42.3   40.5    105    102    379    461    439    235    132   67.1   45.0
 26     41.4   42.3   39.6    102    115    405    459    429    238    122   66.0   45.0
 27     40.5   42.3   39.6   98.6    136    435    457    417    240    122   63.8   43.2
 28     40.5   43.2   42.3   96.2    185    461    485    397    241    117   62.7   42.3
 29     39.6          43.2    101    131    451    582    375    478    115   62.7   42.3
 30     39.6          44.1    106    124    435    478    419    287    110   61.6   42.3
 31     38.7          47.0           131           555    407           110          42.3

Min     38.7   37.8   36.0   48.0    102    144    339    375    233    110   61.6   42.3   36.0
Mean    43.1   40.6   40.7   80.9    119    262    457    447    302    168   82.2   51.5    174
Max     48.0   43.2   47.0    127    185    461    582    570    500    243    108   62.7    582

