Station number: 445
Location:       Arughat                                                           Latitude: 28 02 37
River:          Burhi Gandaki                                                    Longitude: 84 48 59

Year:           1967

                                    Mean daily discharge in m3/s
                                    ============================

Day     Jan.   Feb.   Mar.   Apr.   May    Jun.   Jul.   Aug.   Sep.   Oct.   Nov.   Dec.   Year
 01     33.4   24.6   20.9   31.0   54.2    112    229    305    341    150   94.0   42.4
 02     32.6   25.4   20.9   35.5   69.0    120    303    291    319    150   91.0   41.6
 03     31.8   24.6   21.6   43.2   57.6    126    307    286    321    147   89.0   41.6
 04     31.0   24.6   22.3   37.0   55.1    137    323    293    315    145   82.0   41.6
 05     31.0   24.6   21.6   34.8   52.6    127    299    295    311    144   75.0   40.8
 06     31.0   23.8   23.0   34.8   50.0    112    308    439    293    141   72.2   40.0
 07     30.2   23.8   23.0   33.2   46.6   95.0    310    447    291    139   67.7   40.8
 08     30.2   23.8   23.0   32.5   51.7    101    450    436    275    136   65.9   40.8
 09     29.4   23.8   23.0   31.8   49.2    104    563    421    272    134   65.0   40.0
 10     29.4   23.0   23.0   31.0   48.3    137    823    417    268    133   62.3   40.8
 11     29.4   23.0   23.0   29.5   46.6    134    460    395    266    130   60.5   40.0
 12     28.6   23.0   22.3   28.8   43.2    133    410    309    261    129   60.5   40.0
 13     28.6   22.3   21.6   31.8   40.8    146    406    297    261    129   56.9   39.3
 14     28.6   23.0   21.6   34.0   39.2    151    410    315    252    126   54.4   38.6
 15     28.6   23.0   21.6   34.0   39.2    184    450    301    245    123   51.2   37.9
 16     28.6   24.6   20.9   41.5   39.2    138    467    301    242    122   48.8   37.2
 17     28.6   24.6   20.9   46.6   38.5    154    430    291    235    120   51.2   37.2
 18     27.8   25.4   21.6   84.0   40.8    154    489    288    220    121   48.8   35.1
 19     27.8   24.6   21.6   75.0   41.5    151    526    307    218    116   48.8   34.4
 20     27.0   23.8   21.6   46.6   42.4    145    332    329    210    116   49.6   33.0
 21     27.8   23.0   21.6   43.2   43.2    144    327    321    207    116   48.0   33.0
 22     27.0   23.0   24.6   50.0   44.1    139    349    341    200    113   47.2   34.4
 23     27.0   22.3   31.8   52.6   57.6    134    329    539    195    110   47.2   34.4
 24     27.0   21.6   31.0   46.6   71.0    133    333    500    186    112   47.2   34.4
 25     27.0   22.3   26.2   46.6   69.0    138    337    441    182    107   46.4   33.7
 26     26.2   22.3   25.4   44.9   63.2    200    381    481    170    108   46.4   32.4
 27     25.4   21.6   27.8   41.5   57.6    179    395    384    167    106   45.6   33.0
 28     25.4   21.6   25.2   70.0   51.7    166    313    392    160    105   45.6   32.4
 29     25.4          28.0   63.2   50.0    172    303    341    159    103   44.8   36.5
 30     24.6          28.0   58.5   48.3    179    311    341    155   99.5   42.4   33.0
 31     24.6          28.0          47.4           319    323          97.3          31.7

Min     24.6   21.6   20.9   28.8   38.5   95.0    229    286    155   97.3   42.4   31.7   20.9
Mean    28.4   23.5   23.8   43.8   50.0    142    387    360    240    123   58.5   37.2    126
Max     33.4   25.4   31.8   84.0   71.0    200    823    539    341    150   94.0   42.4    823

