Station number: 445
Location:       Arughat                                                           Latitude: 28 02 37
River:          Burhi Gandaki                                                    Longitude: 84 48 59

Year:           1989

                                    Mean daily discharge in m3/s
                                    ============================

Day     Jan.   Feb.   Mar.   Apr.   May    Jun.   Jul.   Aug.   Sep.   Oct.   Nov.   Dec.   Year
 01     40.6   42.9   46.2   53.7   64.7    141    417    432    501    328    100   56.0
 02     40.6   42.1   43.7   53.7   67.6    133    301    384    532    305   98.8   56.0
 03     39.9   43.7   50.2   58.1   90.8    131    291    372    457    298   96.6   54.4
 04     39.9   42.1   42.1   54.6   90.8    176    272    348    457    290   95.6   54.4
 05     39.9   47.8   43.7   54.6    111    142    281    332    465    271   93.4   53.5
 06     39.1   44.5   43.7   60.9   90.8    163    396    342    491    259   93.4   53.5
 07     39.1   40.6   45.3   64.7   92.0    155    408    395    441    250   88.1   52.7
 08     94.2   38.4   47.0   70.6   99.9    152    365    420    491    239   86.0   52.7
 09     62.8   39.9   43.7   76.7   98.7    151    412    481    422    236   84.0   52.7
 10     50.2   39.1   45.3   75.7   98.7    158    346    445    406    229   83.0   51.9
 11     50.2   38.4   41.4   61.9    111    166    357    479    418    224   82.0   51.0
 12     47.8   36.9   39.9   60.9    109    161    368    441    472    220   79.9   51.0
 13     44.5   36.2   39.9   59.0    109    209    335    450    457    217   77.9   49.4
 14     44.5   36.2   39.1   61.9   93.1    210    488    369    489    211   76.9   47.9
 15     43.7   36.2   39.9   69.5   84.2    214    545    361    469    208   76.9   47.9
 16     44.5   36.2   39.1   63.8   97.6    266    429    438    422    203   75.0   47.9
 17     43.7   35.4   38.4   64.7    111    196    402    511    402    146   72.1   47.2
 18     42.9   34.7   40.6   61.9    121    276    358    438    411    142   71.1   47.2
 19     42.9   35.4   43.7   66.6    134    243    429    506    418    139   71.1   46.4
 20     42.9   34.0   48.6   65.7    140    254    352    484    434    137   70.2   45.6
 21     42.1   33.4   47.8   69.5    160    256    340    350    514    130   69.2   45.6
 22     44.5   34.7   52.8   61.9    126    256    317    436    434    124   68.3   44.9
 23     44.5   33.4   57.2   75.7    152    226    348    448    411    121   67.3   44.9
 24     45.3   34.0   57.2   70.6    164    245    317    402    402    119   65.5   44.1
 25     46.2   36.9   56.4   67.6    157    280    317    436    438    119   64.7   43.4
 26     46.2   38.4   53.7   67.6    344    257    296    427    418    116   63.8   43.4
 27     46.2   42.1   52.0   63.8    394    376    319    358    384    113   62.0   43.4
 28     45.3   43.7   52.8   57.2    274    317    302    340    369    109   59.4   41.9
 29     44.5          51.1   68.5    203    422    425    348    372    108   58.5   40.5
 30     43.7          45.3   59.0    155    305    420    378    346    104   56.8   39.8
 31     47.8          47.0           149           393    342           102          39.1

Min     39.1   33.4   38.4   53.7   64.7    131    272    332    346    102   56.8   39.1   33.4
Mean    46.1   38.5   46.3   64.0    138    221    366    409    438    188   76.9   48.1    173
Max     94.2   47.8   57.2   76.7    394    422    545    511    532    328    100   56.0    545

