Station number: 445
Location:       Arughat                                                           Latitude: 28 02 37
River:          Burhi Gandaki                                                    Longitude: 84 48 59

Year:           1969

                                    Mean daily discharge in m3/s
                                    ============================

Day     Jan.   Feb.   Mar.   Apr.   May    Jun.   Jul.   Aug.   Sep.   Oct.   Nov.   Dec.   Year
 01     44.0   34.4   29.2   36.8   46.4    146    196    312    295    188   85.0   55.2
 02     43.2   34.4   29.2   36.8   44.0    164    209    352    295    183   83.0   54.4
 03     41.6   34.4   29.9   35.2   44.0    176    204    320    290    181   79.0   54.4
 04     41.6   34.4   30.6   34.4   43.2    151    259    294    287    176   78.0   53.6
 05     41.6   33.6   31.3   33.6   50.4    199    219    466    316    171   76.0   52.8
 06     41.6   32.8   31.3   34.4   56.0    211    213    356    338    166   76.0   52.0
 07     40.8   32.8   31.3   35.2   53.6    222    307    334    383    160   77.0   52.0
 08     40.8   32.0   32.8   35.2   53.6    206    219    430    323    153   75.0   51.2
 09     40.0   32.0   33.6   36.0   54.4    211    295    348    329    147   74.0   51.2
 10     39.2   31.3   35.2   36.8   74.0    191    265    321    309    142   74.0   52.0
 11     39.2   32.0   35.2   39.2    100    172    350    336    292    139   73.0   51.2
 12     38.4   31.3   35.2   48.8   88.2    155    334    321    279    130   72.0   50.4
 13     40.0   31.3   35.2   60.0   86.0    176    363    302    281    127   72.0   50.4
 14     43.2   32.0   35.2   67.0   69.0    181    361    281    271    121   70.0   49.6
 15     39.2   31.3   36.0   66.0   84.0    183    450    289    270    123   71.0   48.8
 16     39.2   32.0   37.6   81.0   92.6    171    464    329    261    120   72.0   47.2
 17     38.4   32.0   36.0    101   95.9    175    490    352    259    120   70.0   46.4
 18     38.4   31.3   38.4   73.0   83.0    177    464    318    259    117   69.0   45.6
 19     37.6   31.3   45.6   64.0   79.0    181    366    401    258    115   67.0   45.6
 20     36.0   30.6   38.4   61.0   74.0    195    316    347    253    109   66.0   44.8
 21     36.0   29.9   38.4   59.0   70.0    195    313    395    289    105   64.0   44.0
 22     35.2   30.6   36.8   57.0   94.8    197    334    347    255    104   63.0   44.0
 23     36.0   30.6   36.0   55.2    115    184    376    350    223    105   62.0   43.2
 24     35.2   29.9   35.2   54.4    146    195    390    325    250    104   62.0   43.2
 25     35.2   29.9   34.4   54.4    147    212    450    329    213    102   60.0   43.2
 26     35.2   29.9   45.6   52.8    154    146    500    286    238    100   59.0   41.6
 27     35.2   30.6   41.6   50.4    146    146    422    271    209   97.0   59.0   40.8
 28     36.0   30.6   40.0   50.4    135    154    402    267    198   94.8   58.0   40.8
 29     36.0          39.2   48.8    134    179    356    276    192   89.3   57.0   40.0
 30     35.2          37.6   48.0    129    183    329    289    191   87.1   56.0   40.0
 31     34.4          37.6           139           325    292          86.0          40.0

Min     34.4   29.9   29.2   33.6   43.2    146    196    267    191   86.0   56.0   40.0   29.2
Mean    38.5   31.8   35.8   51.5   89.7    181    340    330    270    128   69.3   47.4    134
Max     44.0   34.4   45.6    101    154    222    500    466    383    188   85.0   55.2    500

