Station number: 445
Location:       Arughat                                                           Latitude: 28 02 37
River:          Burhi Gandaki                                                    Longitude: 84 48 59

Year:           1999

                                    Mean daily discharge in m3/s
                                    ============================

Day     Jan.   Feb.   Mar.   Apr.   May    Jun.   Jul.   Aug.   Sep.   Oct.   Nov.   Dec.   Year
 01     30.7   22.2   21.2   31.8   62.1   77.3    282    570    608    283    123   67.3
 02     29.9   22.0   21.4   33.7   63.1   62.4    437    597    653    319    121   66.3
 03     31.4   22.0   21.5   31.8   62.4   55.4   1460    544    635    410    121   65.3
 04     29.4   21.8   21.8   29.6   61.2   54.5    500    489    517    298    120   64.7
 05     28.9   21.8   21.8   27.0   60.7   55.2    424    574    433    289    118   63.3
 06     28.4   21.5   22.7   25.6   62.8   51.9    396    547    375    278    116   62.3
 07     27.5   21.2   23.5   26.0   70.6   57.1    380    535    377    267    114   62.3
 08     27.2   21.0   23.5   26.5   82.0   52.1    440    515    375    253    112   61.7
 09     27.5   20.7   23.8   34.7   73.0   70.6    387    620    503    245    111   59.7
 10     27.6   21.0   23.4   38.8   61.7    159    402    548    498    236    110   57.5
 11     27.2   21.4   23.1   44.5   54.1    102    641    572    511    218    108   55.7
 12     27.2   21.7   23.0   44.5   57.1    338    444    649    501    209    105   53.9
 13     26.7   21.8   22.7   44.7   56.8    843    440    657    437    196    102   52.4
 14     26.7   21.8   22.5   47.0   61.2    292    459    656    413    178   99.2   51.2
 15     26.2   21.4   22.2   38.7   57.1    352    416    669    482    164   96.6   49.7
 16     25.6   21.2   22.2   42.5   54.1    386    492    547    396    156   94.0   48.9
 17     25.3   21.2   22.7   45.3   49.9    399    483    515    353    151   91.4   48.7
 18     25.0   21.0   23.0   47.5   53.9    405    526    611    356    148   89.0   47.9
 19     24.8   20.8   23.4   48.2   49.3    424    521    582    329    151   87.8   47.3
 20     24.7   20.4   23.8   52.8   42.5    359    515    626    323    241   86.6   46.5
 21     24.3   20.3   24.4   53.0   49.7    345    547    655    335    216   85.4   46.3
 22     24.3   20.3   23.4   60.5   51.4    374    640    643    318    189   84.6   45.5
 23     24.0   20.6   22.0   61.0   77.0    367    620    642    324    166   84.2   44.7
 24     23.8   20.7   21.2   69.1    150    295    607    552    311    155   82.6   42.8
 25     23.5   21.0   21.7   68.8    259    284    714    679    363    144   80.6   42.0
 26     23.7   21.0   21.4   69.4    121    285    771    649    344    139   77.3   43.1
 27     23.4   21.0   21.8   72.2    214    327    814    637    350    132   75.7   42.3
 28     23.3   21.1   22.1   65.4    214    352    793    621    324    129   74.3   41.5
 29     23.0          26.1   64.0    214    254    663    656    340    125   72.3   41.2
 30     22.8          29.9   58.2    153    260    684    596    297    124   69.0   40.7
 31     22.5          30.5           104           777    560           122          40.0

Min     22.5   20.3   21.2   25.6   42.5   51.9    282    489    297    122   69.0   40.0   20.3
Mean    26.0   21.2   23.2   46.8   90.4    258    570    597    413    204   97.1   51.7    200
Max     31.4   22.2   30.5   72.2    259    843   1460    679    653    410    123   67.3   1460

