Station number: 445
Location:       Arughat                                                           Latitude: 28 02 37
River:          Burhi Gandaki                                                    Longitude: 84 48 59

Year:           1991

                                    Mean daily discharge in m3/s
                                    ============================

Day     Jan.   Feb.   Mar.   Apr.   May    Jun.   Jul.   Aug.   Sep.   Oct.   Nov.   Dec.   Year
 01     43.4   31.1   26.3   56.0    106    111    330    420    532    198   82.0   50.2
 02     39.1   29.8   25.7   51.0    106    101    330    481    599    186   80.9   48.7
 03     37.7   29.8   27.5   56.0   95.6    108    361    641    506    178   78.9   48.7
 04     37.7   29.8   26.9   55.2   75.9    116    393    650    434    183   82.0   48.7
 05     37.0   29.2   33.0   50.2   88.1    148    346    596    462    178   79.9   47.9
 06     36.3   29.8   33.0   51.9   94.5    141    376    509    462    174   74.0   46.4
 07     35.6   29.2   33.0   43.4    101    232    474    560    420    169   74.0   46.4
 08     35.6   28.6   31.1   45.6    110    153    350    665    514    165   73.1   45.6
 09     35.6   28.6   37.7   48.7    119    165    441    504    547    162   73.1   44.9
 10     35.0   28.0   33.0   46.4    113    206    324    582    465    154   70.2   44.9
 11     35.0   29.2   31.1   42.6   98.8    239    319    511    425    150   68.3   44.1
 12     34.3   29.2   30.5   39.8   90.2    203    313    479    393    143   67.3   43.4
 13     33.7   28.0   30.5   41.2   83.0    236    294    496    356    137   65.5   43.4
 14     33.7   26.9   29.2   37.0   85.0    304    271    453    348    131   64.7   43.4
 15     33.7   27.5   29.2   37.0    100    304    350    534    340    128   63.8   41.9
 16     33.0   27.5   28.6   37.0   96.6    315    340    555    317    122   62.9   41.2
 17     33.0   26.9   33.7   41.9    111    252    342    457    422    121   61.1   41.2
 18     32.4   26.9   41.2   48.7    109    270    389    496    338    119   60.3   41.2
 19     32.4   26.3   44.9   50.2    117    324    429    460    317    115   59.4   41.9
 20     32.4   26.9   39.8   47.2    107    252    434    613    305    113   57.7   40.5
 21     32.4   26.9   40.5   44.9    121    208    506    542    281    111   56.8   39.8
 22     31.8   28.0   39.8   47.9    131    234    361    425    266    109   56.0   39.8
 23     31.8   29.2   34.3   49.4    135    309    352    397    259    107   56.0   39.1
 24     31.1   28.0   32.4   47.2    107    313    382    411    252    102   54.4   38.4
 25     31.1   28.0   29.8   45.6    128    321    404    432    239    101   53.5   39.8
 26     31.1   27.5   35.0   53.5    141    307    409    432    224   96.6   55.2   38.4
 27     31.1   30.5   31.8   57.7    150    294    389    514    219   95.6   56.8   38.4
 28     34.3   28.0   37.0   70.2    150    270    411    550    214   92.3   53.5   37.7
 29     33.7          39.1   65.5    172    317    496    534    211   88.1   53.5   37.0
 30     32.4          45.6   84.0    189    334    378    552    204   86.0   51.9   36.3
 31     32.4          54.4           162           418    501          84.0          36.3

Min     31.1   26.3   25.7   37.0   75.9    101    271    397    204   84.0   51.9   36.3   25.7
Mean    34.2   28.4   34.4   49.8    116    236    378    515    362    132   64.9   42.4    166
Max     43.4   31.1   54.4   84.0    189    334    506    665    599    198   82.0   50.2    665

