Station number: 445
Location:       Arughat                                                           Latitude: 28 02 37
River:          Burhi Gandaki                                                    Longitude: 84 48 59

Year:           1983

                                    Mean daily discharge in m3/s
                                    ============================

Day     Jan.   Feb.   Mar.   Apr.   May    Jun.   Jul.   Aug.   Sep.   Oct.   Nov.   Dec.   Year
 01     42.3   34.3   30.1   41.4   63.8    111    289    309    319    241    128   72.6
 02     41.4   33.5   28.4   49.0   64.9    121    359    341    323    255    125   69.3
 03     41.4   33.5   28.4   48.0   67.1    128    389    341    349    231    121   68.2
 04     41.4   32.6   28.4   47.0   72.6    169    375    361    347    211    117   67.1
 05     40.5   32.6   27.6   44.1   90.2    182    313    375    345    206    113   66.0
 06     39.6   31.8   26.9   45.0   95.0    180    265    359    361    202    111   62.7
 07     39.6   32.6   27.6   49.0    110    180    259    343    359    186    110   61.6
 08     39.6   31.8   26.9   47.0    104    178    228    385    371    183    109   60.5
 09     38.7   31.0   35.2   40.5   91.4    175    213    405    339    265    109   60.5
 10     39.6   30.1   39.6   39.6   89.0    166    333    403    361    248    108   60.5
 11     38.7   29.3   41.4   39.6   86.6    144    333    375    369    411    106   59.4
 12     37.8   31.0   39.6   35.2   95.0    136    206    409    361    447    105   58.3
 13     37.8   28.4   39.6   49.0   98.6    125    196    401    369    383    102   57.2
 14     37.8   29.3   39.6   42.3   92.6    121    213    483    345    331    102   56.1
 15     37.8   29.3   40.5   37.8    136    129    257    399    351    281   98.6   55.0
 16     38.7   29.3   41.4   37.8    111    136    331    441    365    245   98.6   55.0
 17     36.9   29.3   40.5   36.9    115    144    532    405    367    206   96.2   55.0
 18     36.9   30.1   40.5   37.8    111    153    279    429    373    186   93.8   54.0
 19     36.9   30.1   41.4   35.2    109    153    379    397    520    178   91.4   52.0
 20     36.0   28.4   38.7   37.8    159    148    383    389    371    171   90.2   52.0
 21     36.9   29.3   36.0   36.0    151    162    341    401    363    165   89.0   51.0
 22     36.9   31.8   31.8   37.8    165    172    323    423    363    160   89.0   50.0
 23     36.0   31.0   34.3   45.0    145    185    309    419    351    151   86.6   48.0
 24     35.2   31.0   33.5   40.5    147    185    303    399    351    153   85.4   48.0
 25     36.0   30.1   31.8   48.0    131    166    345    411    480    145   83.0   47.0
 26     36.0   31.0   40.5   47.0    125    163    325    375    363    142   81.8   48.0
 27     35.2   30.1   39.6   61.6    106    307    389    415    361    141   79.4   49.0
 28     34.3   30.1   36.9   70.4    102    351    419    379    317    136   78.2   48.0
 29     36.9          35.2   68.2    101    351    339    369    273    136   75.9   48.0
 30     36.0          43.2   83.0    114    279    351    339    255    135   74.8   47.0
 31     34.3          40.5           113           335    361           132          47.0

Min     34.3   28.4   26.9   35.2   63.8    111    196    309    255    132   74.8   47.0   26.9
Mean    37.8   30.8   35.7   45.9    108    177    320    388    358    215   98.6   55.9    156
Max     42.3   34.3   43.2   83.0    165    351    532    483    520    447    128   72.6    532

