Station number: 445
Location:       Arughat                                                           Latitude: 28 02 37
River:          Burhi Gandaki                                                    Longitude: 84 48 59

Year:           1964

                                    Mean daily discharge in m3/s
                                    ============================

Day     Jan.   Feb.   Mar.   Apr.   May    Jun.   Jul.   Aug.   Sep.   Oct.   Nov.   Dec.   Year
 01     43.0   30.2   25.4   33.4   82.0   75.0    316    496    650    263    111   65.0
 02     42.0   29.4   27.0   31.0   91.4   82.0    298    436    494    257    108   64.0
 03     42.0   28.6   27.0   35.0   97.4   85.0    400    420    442    241    103   62.0
 04     42.0   28.6   26.2   39.0   96.2   95.0    376    436    404    215    105   62.0
 05     41.0   29.4   27.0   37.4   86.0   92.6    259    450    340    211    103   61.0
 06     40.0   28.6   27.0   46.0   81.0   90.2    540    500    370    209    102   58.0
 07     39.0   29.4   27.8   49.0   75.0   97.4    398    490    344    235   99.8   57.0
 08     40.0   28.6   27.0   53.0   66.0   95.0    398    450    330    220   96.2   56.0
 09     39.0   28.6   26.2   54.0   61.0   93.8    430    464    354    211   93.8   55.0
 10     39.0   27.8   27.0   58.0   50.0    106    504    430    330    203   92.6   54.0
 11     37.4   27.8   32.6   58.0   45.0    121    570    420    334    191   89.0   53.0
 12     36.6   27.8   31.0   62.0   38.2    137    556    444    294    188   87.0   52.0
 13     35.0   28.6   30.2   61.0   42.0    125    406    520    284    190   85.0   50.0
 14     35.0   27.8   30.2   59.0   40.0    145    436    586    271    181   83.0   50.0
 15     34.2   27.8   29.4   57.0   39.0    160    446    494    376    182   83.0   47.0
 16     33.4   27.8   30.2   50.0   36.6    352    436    540    316    175   83.0   47.0
 17     32.6   29.4   29.4   42.0   35.0    326    392    516    300    166   83.0   46.0
 18     31.0   28.6   28.6   39.0   34.2    184    398    494    294    160   80.0   45.0
 19     34.2   27.8   27.8   38.2   34.2    173    406    490    283    158   78.0   45.0
 20     33.4   27.8   27.8   36.6   32.6    193    386    474    296    155   77.0   45.0
 21     32.6   27.8   27.0   39.0   33.4    199    382    382    263    152   76.0   44.0
 22     33.4   27.0   27.0   43.0   35.0    310    378    400    248    142   76.0   45.0
 23     32.6   27.0   26.2   43.0   35.8    259    352    436    245    137   74.0   43.0
 24     32.6   27.0   31.8   43.0   37.4    253    564    430    326    131   72.0   44.0
 25     31.8   26.2   30.2   44.0   41.0    232    504    368    510    130   70.0   42.0
 26     31.8   26.2   30.2   47.0   44.0    350    386    366    440    128   68.0   43.0
 27     31.8   26.2   27.0   55.0   44.0    374    362    374    330    125   67.0   43.0
 28     31.0   25.4   27.0   58.0   47.0    271    384    340    294    115   65.0   41.0
 29     31.0   24.6   27.0    111   42.0    275    476    254    278    117   67.0   41.0
 30     30.2          27.8   74.0   49.0    277    520    474    290    114   65.0   41.0
 31     30.2          35.8          57.0           544    454           112          40.0

Min     30.2   24.6   25.4   31.0   32.6   75.0    259    254    245    112   65.0   40.0   24.6
Mean    35.4   27.9   28.4   49.9   52.5    188    426    446    344    175   84.7   49.7    159
Max     43.0   30.2   35.8    111   97.4    374    570    586    650    263    111   65.0    650

