Station number: 445
Location:       Arughat                                                           Latitude: 28 02 37
River:          Burhi Gandaki                                                    Longitude: 84 48 59

Year:           1996

                                    Mean daily discharge in m3/s
                                    ============================

Day     Jan.   Feb.   Mar.   Apr.   May    Jun.   Jul.   Aug.   Sep.   Oct.   Nov.   Dec.   Year
 01     38.3   33.3   34.9   43.7   99.7    153    369    436    484    239   96.6   57.7
 02     37.9   33.0   35.3   43.1   93.6    143    320    447    517    211   96.3   57.1
 03     37.3   33.0   35.1   44.3   85.4    131    280    459    475    193   93.8   56.1
 04     37.3   33.0   39.2   44.7    124    126    278    447    598    183   90.6   55.2
 05     36.7   32.8   36.2   46.1    121    117    263    436    483    174   87.0   54.1
 06     36.4   32.5   36.7   44.7    118    109    335    420    443    168   85.7   53.0
 07     35.8   32.5   35.4   51.0    128    102    312    519    428    161   83.6   51.0
 08     35.2   32.3   36.7   52.3    141   94.1    295    544    432    148   81.3   49.9
 09     34.7   32.5   38.3   53.4    146    134    405    475    409    142   80.9   49.5
 10     34.4   32.1   41.6   50.6    123    136    412    432    401    135   80.3   49.3
 11     34.0   32.5   41.7   48.0    109    121    488    491    387    129   79.6   48.8
 12     33.8   31.9   51.5   49.7   92.4    136    500    492    365    124   77.9   48.4
 13     33.5   31.9   56.0   48.5   81.6    141    479    843    341    128   75.3   48.0
 14     33.0   31.9   54.8   48.0   96.0    152    660    750    333    125   75.0   47.3
 15     34.6   58.3   54.6   57.1   99.4    161    607    645    322    124   73.5   47.1
 16     41.7   31.4   57.1   61.8   92.4    179    439    596    304    122   73.1   47.3
 17     38.6   30.9   57.7   58.2    107    195    459    583    265    120   72.2   46.7
 18     36.5   30.5   51.0   56.0    116    265    508    542    267    118   71.9   46.5
 19     35.6   30.2   45.7   58.2   96.2    237    447    534    259    116   70.6   46.3
 20     34.9   36.0   42.9   72.7   92.4    237    463    491    251    114   69.4   45.7
 21     34.4   34.7   41.3   78.7   93.6    237    432    615    239    112   67.7   45.5
 22     33.8   32.5   41.1   74.4   88.8    511    487    483    232    111   65.6   45.1
 23     33.0   31.1   41.1   58.2   97.8    413    530    513    217    110   64.9   44.9
 24     32.5   30.0   39.6   47.8    103    436    483    484    213    109   64.2   44.5
 25     32.5   29.9   37.3   47.4   99.7    432    459    387    213    106   62.8   44.9
 26     34.4   34.6   41.4   50.3    188    458    459    372    211    104   61.4   44.7
 27     34.0   36.4   41.9   54.8    181    475    475    481    362    150   61.2   44.3
 28     33.8   32.5   46.1   58.2    190    458    574    428    341    100   60.7   44.5
 29     33.7   34.7   47.9   67.4    182    420    443    424    314   98.5   59.4   44.3
 30     33.7          44.5   91.0    173    412    447    475    257   97.7   58.4   44.1
 31     33.5          43.9           157           412    500          96.6          43.5

Min     32.5   29.9   34.9   43.1   81.6   94.1    263    372    211   96.6   58.4   43.5   29.9
Mean    35.1   33.4   43.5   55.3    120    244    436    508    345    134   74.7   48.2    173
Max     41.7   58.3   57.7   91.0    190    511    660    843    598    239   96.6   57.7    843

