Station number: 445
Location:       Arughat                                                           Latitude: 28 02 37
River:          Burhi Gandaki                                                    Longitude: 84 48 59

Year:           1995

                                    Mean daily discharge in m3/s
                                    ============================

Day     Jan.   Feb.   Mar.   Apr.   May    Jun.   Jul.   Aug.   Sep.   Oct.   Nov.   Dec.   Year
 01     34.0   28.9   27.5   43.7    134    220    435    525    428    184   81.6   56.4
 02     33.7   28.6   28.1   43.7    124    214    383    539    432    178   78.6   55.7
 03     33.5   28.9   27.6   42.1    107    217    376    516    394    169   72.2   54.5
 04     33.1   28.1   27.5   39.4   99.6    245    358    500    406    162   72.8   53.4
 05     32.8   28.1   27.0   36.9   94.2    300    358    551    433    158   69.1   52.7
 06     32.5   28.1   27.3   36.7   99.0    284    369    523    398    152   66.1   52.3
 07     31.8   28.9   27.2   36.4    107    321    435    609    424    151   64.2   51.9
 08     31.4   29.1   26.7   42.5    124    338    451    630    358    148   62.8   51.0
 09     31.4   29.4   26.5   49.9    130    339    355    551    337    144   62.4   51.0
 10     34.0   29.6   26.2   57.5    150    361    460    573    321    145    237   49.9
 11     33.0   29.6   25.7   60.3    170    327    575    479    304    144    183   49.7
 12     32.1   29.6   25.6   51.0    174    297    464    459    304    141    108   49.5
 13     31.2   29.6   25.6   48.9    209    376    424    578    260    140   81.3   49.5
 14     30.9   29.1   25.3   51.0    219    293    436    443    260    142   74.7   49.3
 15     31.9   28.9   25.1   49.5    213    263    416    431    249    140   74.7   48.6
 16     31.4   28.6   31.9   47.8    236    251    426    419    243    132   73.8   48.0
 17     31.9   28.0   30.2   48.9    315    331    439    391    241    123   69.4   47.8
 18     31.4   28.0   29.6   58.2    529    374    439    383    239    121   68.4   46.7
 19     30.9   27.3   30.5   64.7    384    351    437    405    234    118   66.3   46.1
 20     30.5   27.0   34.0   72.8    285    373    534    538    237    110   63.5   45.5
 21     30.5   27.0   37.3   59.8    206    369    508    512    231    103   62.8   45.3
 22     29.9   29.6   40.2   60.5    185    321    387    468    226    100   62.1   44.9
 23     29.6   35.4   48.9   81.2    177    422    358    494    239   95.9   61.2   44.5
 24     29.4   30.2   51.2   77.1    148    683    393    483    242   93.4   60.3   43.5
 25     28.9   29.6   54.2   82.4    143    488    333    486    407   91.3   60.0   43.1
 26     28.9   29.6   64.7   86.6    133    354    337    483    282   91.3   59.8   42.7
 27     28.9   28.6   97.8   96.4    180    394    514    453    220   89.1   59.4   40.9
 28     28.9   28.0   67.0    100    193    387    369    441    222   89.1   58.7   40.0
 29     28.1          57.1    120    198    420    405    412    209   88.1   58.2   39.0
 30     28.1          51.9    136    194    405    411    463    192   86.0   57.7   39.0
 31     29.1          45.7           209           440    444          84.3          38.6

Min     28.1   27.0   25.1   36.4   94.2    214    333    383    192   84.3   57.7   38.6   25.1
Mean    31.1   29.0   37.8   62.7    189    344    420    490    299    126   77.7   47.5    180
Max     34.0   35.4   97.8    136    529    683    575    630    433    184    237   56.4    683

