Station number: 445
Location:       Arughat                                                           Latitude: 28 02 37
River:          Burhi Gandaki                                                    Longitude: 84 48 59

Year:           1973

                                    Mean daily discharge in m3/s
                                    ============================

Day     Jan.   Feb.   Mar.   Apr.   May    Jun.   Jul.   Aug.   Sep.   Oct.   Nov.   Dec.   Year
 01     51.7   42.0   41.0   96.9    105    133    314    410    344    277    137   73.0
 02     50.6   41.0   39.0   93.0   95.6    131    326    444    314    290    136   71.0
 03     50.6   41.0   40.0   91.7   87.8    133    338    470    324    306    131   71.0
 04     50.6   41.0   41.0   89.1   99.5    134    306    422    334    524    130   70.0
 05     50.6   40.0   42.0   87.8   95.6    134    324    394    330    374    128   63.0
 06     49.5   40.0   40.0   89.1   94.3    152    320    406    334    366    127   62.0
 07     48.4   40.0   40.0   86.5    133    165    344    410    320    334    124   60.0
 08     48.4   40.0   42.0   89.1    149    214    366    424    354    302    123   58.0
 09     48.4   40.0   44.0   83.9    142    187    400    430    464    290    121   57.0
 10     48.4   39.0   44.0   82.6    246    148    384    424    414    275    120   56.0
 11     48.4   39.0   44.0   86.5    130    267    350    414    430    250    117   54.0
 12     47.3   38.0   42.0   90.4    151    284    366    420    450    241    114   54.0
 13     47.3   38.0   41.0   93.0    126    314    374    406    350    390    113   54.0
 14     47.3   38.0   40.0   99.5    120    316    400    394    320    348    109   54.0
 15     46.2   37.0   40.0    113    116    320    416    390    312    292    108   53.0
 16     47.3   37.0   42.0   93.0    106    550    424    390    310    247    105   52.0
 17     46.2   37.0   43.0   81.3    133    700    394    404    308    244    102   52.0
 18     46.2   37.0   46.2   72.2    107    540    362    380    296    238   97.4   52.0
 19     45.1   36.0   49.5   99.5    105    414    330    434    287    233   96.2   51.0
 20     45.1   36.0   51.7    105    105    416    344    414    283    221   93.8   50.0
 21     45.1   36.0   51.7   95.6    101    354    326    380    275    215   90.2   49.0
 22     45.1   37.0   50.6   93.0   95.6    334    310    436    268    205   90.2   48.0
 23     44.0   37.0   51.7   86.5    119    314    320    386    254    199   85.0   47.0
 24     44.0   44.0   56.2   93.0    110    312    376    400    242    191   83.0   46.0
 25     44.0   44.0   58.6   86.5    113    314    390    434    275    185   82.0   46.0
 26     44.0   41.0   65.8   93.0    119    334    434    420    274    175   79.0   46.0
 27     44.0   43.0   87.8    106    126    368    404    404    265    169   77.0   46.0
 28     43.0   41.0   89.1    126    152    424    390    386    254    163   75.0   45.0
 29     43.0          93.0    141    177    414    386    356    259    155   74.0   44.0
 30     42.0          94.3    110    169    340    410    366    269    149   73.0   44.0
 31     42.0          96.9           156           446    360           145          44.0

Min     42.0   36.0   39.0   72.2   87.8    131    306    356    242    145   73.0   44.0   36.0
Mean    46.6   39.3   53.2   95.1    125    305    367    407    317    258    105   53.9    181
Max     51.7   44.0   96.9    141    246    700    446    470    464    524    137   73.0    700

