Station number: 445
Location:       Arughat                                                           Latitude: 28 02 37
River:          Burhi Gandaki                                                    Longitude: 84 48 59

Year:           2000

                                    Mean daily discharge in m3/s
                                    ============================

Day     Jan.   Feb.   Mar.   Apr.   May    Jun.   Jul.   Aug.   Sep.   Oct.   Nov.   Dec.   Year
 01     39.1   29.8   29.0   65.7   69.7    155    340    781    608    229   96.2   54.3
 02     39.1   29.6   28.4   64.4   76.7    159    425    906    664    217   95.8   52.7
 03     38.5   29.4   28.8   69.7   76.0    161    449    630    581    209   94.4   52.7
 04     38.5   29.0   27.6   61.2   71.3    155    394    551    583    205   94.4   53.2
 05     38.3   28.4   26.4   60.1   71.3    210    380    510    567    201   93.7   52.9
 06     37.5   28.0   25.8   61.1   70.0    320    397    471    634    193   92.3   53.2
 07     36.7   29.4   26.8   57.6   82.3    620    402    432    666    188   91.7   51.9
 08     36.7   28.8   26.4   53.9   70.7    869    456    490    664    173   91.3   51.6
 09     36.1   29.0   26.4   50.3   69.7    603    399    493    593    165   90.0   51.6
 10     36.7   28.8   26.4   49.3   73.7    417    425    630    546    154   87.7   51.6
 11     35.9   28.2   26.4   51.0   72.3    399    571    599    499    150   85.7   50.5
 12     34.8   28.2   27.0   50.6   87.5    287    514    602    444    142   84.3   50.5
 13     37.2   28.0   27.2   53.3   98.8    246    404    574    428    138   83.7   50.3
 14     35.9   27.4   27.8   56.6    100    245    703    627    428    136   82.0   49.7
 15     34.8   27.4   29.0   57.5    105    242    740    632    415    132   80.3   48.9
 16     33.8   27.2   27.6   54.8   94.9    233    599    664    397    126   79.3   48.7
 17     32.6   27.2   28.6   53.3   93.6    282    626    630    413    125   78.7   48.4
 18     32.4   27.6   29.4   52.1    131    518    581    544    390    124   77.3   47.3
 19     32.0   27.2   31.2   51.5    154    362    496    637    363    122   75.3   47.3
 20     32.0   27.6   30.6   54.5    170    349    598    522    589    121   73.0   47.1
 21     31.8   27.0   28.2   56.6    172    461    507    521    436    119   71.3   47.1
 22     31.4   27.0   27.6   61.7    171    709    554    677    374    117   69.0   46.3
 23     31.2   27.6   28.8   62.3    180    460    439    588    405    115   65.0   45.7
 24     31.2   27.0   29.2   62.7    220    754    464    498    353    111   62.7   44.9
 25     31.0   27.6   29.8   63.7    229    467    641    476    321    109   61.7   45.2
 26     30.8   27.8   29.0   61.0    277    357    633    440    325    107   61.3   44.4
 27     30.6   28.2   29.8   67.7    256    308    648    483    305    105   59.7   43.9
 28     30.4   27.8   29.2   70.7    204    321    592    552    292    101   58.3   42.8
 29     30.2   28.8   32.5   78.5    169    628    611    580    268    102   57.3   42.0
 30     30.2          40.7   73.0    166    404    645    709    243    100   56.3   42.0
 31     30.0          50.3           151           792    561          98.4          41.5

Min     30.0   27.0   25.8   49.3   69.7    155    340    432    243   98.4   56.3   41.5   25.8
Mean    34.1   28.1   29.4   59.5    130    390    530    581    460    143   78.3   48.4    209
Max     39.1   29.8   50.3   78.5    277    869    792    906    666    229   96.2   54.3    906

