Station number: 445
Location:       Arughat                                                           Latitude: 28 02 37
River:          Burhi Gandaki                                                    Longitude: 84 48 59

Year:           1994

                                    Mean daily discharge in m3/s
                                    ============================

Day     Jan.   Feb.   Mar.   Apr.   May    Jun.   Jul.   Aug.   Sep.   Oct.   Nov.   Dec.   Year
 01     36.5   28.8   26.9   49.6   36.1    144    290    364    322    181   77.6   46.5
 02     36.1   28.2   25.5   43.5   49.3    174    316    376    310    172   75.3   46.1
 03     34.7   28.0   25.3   37.5   60.9    166    300    387    439    164   71.9   45.1
 04     34.5   27.7   27.8   36.8   75.0    150    309    374    356    158   70.6   44.3
 05     33.9   27.1   27.1   45.9   78.0    143    343    365    331    152   69.7   44.3
 06     33.5   27.5   26.7   48.2   65.4    130    304    407    310    148   68.1   43.7
 07     33.5   27.3   30.9   49.8   62.3    156    297    437    335    143   66.3   43.3
 08     33.3   27.1   27.1   39.1   70.6    153    346    440    312    136   64.5   43.1
 09     32.8   39.3   26.5   35.2   81.7    171    297    468    371    131   63.5   42.9
 10     32.8   51.8   26.3   35.4   76.4    188    275    452    391    128   62.8   41.9
 11     32.6   28.4   28.2   34.5   68.1    183    269    566    346    126   61.7   41.3
 12     32.6   28.2   30.7   33.5   66.3    158    359    469    423    125   61.0   40.9
 13     32.6   26.5   38.4   32.2   82.0    151    337    441    422    121   59.3   40.7
 14     32.8   25.9   30.3   34.7   84.4    194    357    489    367    118   58.2   40.3
 15     32.0   25.3   48.9   35.0   72.1    215    406    515    381    107   57.5   40.2
 16     37.2   25.1   38.6   37.7   67.8    224    419    483    330    101   56.8   40.3
 17     32.6   24.9   37.2   34.5   62.9    410    414    358    296    100   54.8   40.2
 18     31.3   24.4   38.2   33.5   59.7    330    408    334    286   95.9   52.7   39.2
 19     30.9   24.0   41.7   33.7   58.0    287    385    309    277   95.6   51.2   38.4
 20     30.3   24.4   54.1   33.5   65.3    368    394    330    312   94.1   49.9   38.1
 21     29.6   24.9   45.4   33.3   76.4    350    371    411    282   93.1   49.9   37.5
 22     29.4   27.1   39.6   32.6   92.6    459    351    407    247   90.9   50.8   36.7
 23     30.7   25.3   35.9   37.1    101    375    425    472    230   89.9   50.8   36.7
 24     30.1   25.5   36.1   42.7    122    355    420    374    224   88.8   50.6   36.2
 25     29.6   24.9   37.7   41.9    143    330    423    519    227   88.1   50.1   35.8
 26     31.3   27.1   45.9   38.4    135    331    525    478    210   86.7   49.5   35.6
 27     31.3   27.3   33.5   39.1    146    245    627    419    207   85.3   48.0   35.1
 28     30.9   29.7   35.6   38.2    131    283    582    433    202   84.3   47.8   34.7
 29     30.3          34.5   37.2    146    260    517    491    192   83.6   46.9   34.5
 30     30.3          45.5   37.2    159    260    451    363    188   82.6   48.0   34.5
 31     29.4          49.9           149           415    351          80.6          34.0

Min     29.4   24.0   25.3   32.2   36.1    130    269    309    188   80.6   46.9   34.0   24.0
Mean    32.2   27.9   35.4   38.0   88.5    245    385    422    304    115   58.2   39.7    149
Max     37.2   51.8   54.1   49.8    159    459    627    566    439    181   77.6   46.5    627

