Station number: 445
Location:       Arughat                                                           Latitude: 28 02 37
River:          Burhi Gandaki                                                    Longitude: 84 48 59

Year:           1997

                                    Mean daily discharge in m3/s
                                    ============================

Day     Jan.   Feb.   Mar.   Apr.   May    Jun.   Jul.   Aug.   Sep.   Oct.   Nov.   Dec.   Year
 01     43.3   31.8   32.3   39.4   53.9   96.7    471    424    315    141   67.3   53.4
 02     42.9   31.8   32.3   36.2   51.9   92.4    409    398    291    135   66.1   50.1
 03     42.3   31.8   34.2   36.5   54.5   85.4    324    416    275    128   66.1   48.6
 04     41.7   31.2   32.3   41.6   56.6   77.8    334    398    248    121   65.6   47.1
 05     41.1   30.7   31.8   36.0   60.3   82.0    522    372    278    116   64.5   45.5
 06     40.3   30.7   31.2   34.6   61.2   88.9    471    376    318    108   59.6   42.9
 07     40.0   30.7   31.1   33.8   61.2   98.6    424    372    310   99.2   58.0   42.1
 08     38.8   30.2   31.9   32.8   61.7    113    543    428    327   97.7   56.1   41.5
 09     38.1   30.4   31.8   35.1   60.7    123    467    348    314   95.6   55.7   66.0
 10     36.4   29.1   32.5   35.8   59.4    134    405    379    299   94.1   55.0   89.4
 11     35.6   29.4   32.3   36.9   61.2    138    436    424    344   93.8   53.8   71.2
 12     34.5   29.2   33.3   36.7   65.2    151    443    650    374   92.7   52.5   51.5
 13     34.2   28.8   41.6   36.7   71.5    150    428    564    373   91.3   51.2   53.2
 14     33.8   33.7   36.7   38.6   81.5    147    424    499    369   90.9   50.6   54.3
 15     32.8   31.1   36.9   43.7   73.3    168    436    497    334   89.9   51.9   51.9
 16     32.3   29.7   37.1   43.0   76.4    178    405    471    296   88.8   52.7   46.1
 17     31.8   28.9   37.9   46.4   60.5    180    405    455    277   87.7   50.8   45.7
 18     31.2   29.2   34.2   46.6   57.5    180    487    377    272   85.3   49.7   45.7
 19     31.2   28.4   36.7   45.1   54.3    152    556    355    266   85.0   53.2   45.5
 20     31.1   28.0   42.2   43.7   77.0    175    468    332    257   84.0   54.3   44.9
 21     33.8   27.8   59.4   44.7   73.9    174    325    307    248   82.6   52.1   44.1
 22     33.1   27.3   47.5   47.8   78.4    191    332    298    239   81.3   50.3   43.3
 23     33.0   27.3   37.0   51.4   90.9    236    344    304    230   79.3   52.3   42.9
 24     32.6   27.0   36.2   56.4   90.8    222    369    301    226   75.3   52.7   42.3
 25     32.8   28.0   35.3   58.2   78.0    236    355    282    211   73.5   53.5   41.7
 26     32.6   28.1   34.0   57.1   75.5    277    351    248    198   73.1   48.2   41.1
 27     32.3   41.2   32.5   56.1   69.5    290    380    245    187   72.2   46.1   40.3
 28     31.9   31.4   31.2   53.7   82.2    459    391    243    255   70.3   45.3   39.6
 29     31.8          30.4   59.8    118    538    402    285    188   69.7   44.1   39.0
 30     31.4          49.4   56.1    129    424    420    275    156   68.4   43.1   38.4
 31     31.2          43.8           104           436    286          67.6          37.7

Min     31.1   27.0   30.4   32.8   51.9   77.8    324    243    156   67.6   43.1   37.7   27.0
Mean    35.2   30.1   36.4   44.0   72.6    189    418    374    276   91.6   54.1   48.0    139
Max     43.3   41.2   59.4   59.8    129    538    556    650    374    141   67.3   89.4    650

