Station number: 445
Location:       Arughat                                                           Latitude: 28 02 37
River:          Burhi Gandaki                                                    Longitude: 84 48 59

Year:           1972

                                    Mean daily discharge in m3/s
                                    ============================

Day     Jan.   Feb.   Mar.   Apr.   May    Jun.   Jul.   Aug.   Sep.   Oct.   Nov.   Dec.   Year
 01     46.2   27.7   35.0   52.8   78.7    159    223    420    338    182    152   93.0
 02     45.1   27.7   35.0   49.5   78.7    176    246    406    329    176    149   91.7
 03     45.1   28.6   38.0   48.4   80.0    168    253    432    359    173    142   90.4
 04     45.1   27.7   39.0   46.2   64.6    172    248    410    416    172    141   89.1
 05     45.1   26.8   40.0   46.2   62.2    161    241    392    389    166    135   89.1
 06     45.1   27.7   42.0   44.0   74.8    158    352    395    361    208    128   89.1
 07     45.1   26.8   45.1   42.0   93.0    151    323    430    350    198    128   87.8
 08     44.0   26.8   46.2   49.5   93.0    149    305    422    329    176    127   85.2
 09     44.0   26.8   50.6   56.2    101    141    323    436    305    172    126   85.2
 10     43.0   25.9   48.4   93.0    107    134    302    568    278    166    123   83.9
 11     42.0   25.9   50.6   68.3    120    135    305    464    263    166    120   83.9
 12     41.0   25.0   49.5   59.8    128    133    256    448    265    163    116   82.6
 13     40.0   26.8   52.8   49.5    135    131    278    446    250    159    114   82.6
 14     41.0   25.9   51.7   45.1    135    140    278    446    244    156    110   81.3
 15     38.0   25.0   50.6   46.2    124    161    273    388    238    155    107   78.7
 16     38.0   25.0   45.1   50.6    137    173    253    379    233    152    109   78.7
 17     36.0   25.0   44.0   45.1    137    198    274    358    230    152    106   77.4
 18     36.0   26.8   40.0   46.2    147    246    309    347    234    149    105   74.8
 19     36.0   25.0   37.0   47.3    148    238    305    339    226    147    106   74.8
 20     34.0   25.9   46.2   47.3    142    323    321    330    220    144    105   70.9
 21     33.1   27.7   47.3   47.3    151    250    357    320    216    142    103   68.3
 22     33.1   28.6   45.1   59.8    151    208    366    327    208    141    102   63.4
 23     32.2   29.5   47.3   62.2    186    216    338    321    212    140    101   61.0
 24     31.3   31.3   51.7   63.4    177    211    307    332    212    138   99.5   58.6
 25     30.4   31.3   44.0   62.2    190    204    388    339    234    140   98.2   56.2
 26     30.4   32.2   49.5   65.8    189    186    347    352    220    137   96.9   56.2
 27     29.5   34.0   51.7   64.6    182    192    444    428    208    138   96.9   56.2
 28     29.5   36.0   53.9   73.5    177    195    574    418    205    141   95.6   53.9
 29     28.6   38.0   57.4   69.6    169    199    562    410    198    207   94.3   53.9
 30     28.6          53.9   76.1    163    212    550    386    183    182   93.0   52.8
 31     28.6          61.0           163           520    363           158          52.8

Min     28.6   25.0   35.0   42.0   62.2    131    223    320    183    137   93.0   52.8   25.0
Mean    37.6   28.2   46.8   55.9    132    184    336    395    265    161    114   74.3    153
Max     46.2   38.0   61.0   93.0    190    323    574    568    416    208    152   93.0    574

