Station number: 445
Location:       Arughat                                                           Latitude: 28 02 37
River:          Burhi Gandaki                                                    Longitude: 84 48 59

Year:           1986

                                    Mean daily discharge in m3/s
                                    ============================

Day     Jan.   Feb.   Mar.   Apr.   May    Jun.   Jul.   Aug.   Sep.   Oct.   Nov.   Dec.   Year
 01     43.7   34.0   28.0   36.9   54.6   60.9    424    422    340    206   98.7   54.6
 02     43.7   33.4   28.0   36.2   72.6   61.9    350    379    325    195   97.6   53.7
 03     43.7   33.4   28.7   35.4   63.8   70.6    319    365    313    181   96.5   52.8
 04     42.9   33.4   28.0   34.7   61.9   71.6    315    354    303    180   96.5   52.0
 05     42.9   32.7   40.6   34.0   59.0    110    335    335    293    175   95.3   51.1
 06     42.9   32.0   36.2   32.7   57.2    119    333    319    309    173   93.1   50.2
 07     42.1   32.0   30.0   33.4   54.6    130    319    313    295    163   92.0   49.4
 08     42.1   32.7   31.4   32.7   53.7    144    323    323    285    160   89.7   48.6
 09     42.1   32.7   32.0   32.0   53.7    151    361    295    317    161   87.5   47.8
 10     41.4   34.0   32.0   45.3   54.6    163    365    293    354    158   86.4   47.0
 11     41.4   34.7   33.4   61.9   71.6    170    370    285    361    154   85.3   46.2
 12     41.4   32.7   34.7   63.8   76.7    180    374    293    376    149   83.2   44.5
 13     40.6   32.7   35.4   75.7   82.1    346    379    323    410    144   82.1   44.5
 14     40.6   33.4   34.7   77.8   79.9    250    424    311    406    142   81.0   52.8
 15     40.6   31.4   34.7   72.6   81.0    211    429    303    361    140   78.8   48.6
 16     39.9   30.7   37.7   72.6   89.7    238    555    354    335    140   78.8   46.2
 17     38.4   30.7   36.2   75.7   81.0    257    515    424    309    135   77.8   44.5
 18     38.4   30.0   33.4   64.7   76.7    299    490    372    295    131   76.7   56.4
 19     38.4   30.0   32.0   72.6   72.6    329    394    390    280    127   76.7   46.2
 20     37.7   30.0   30.7   82.1   68.5    327    465    490    254    124   74.7   45.3
 21     37.7   29.3   30.0   79.9   65.7    333    458    387    231    122   71.6   44.5
 22     36.9   29.3   30.0   74.7   62.8    323    390    361    222    121   69.5   44.5
 23     36.2   29.3   30.0   70.6   62.8    390    361    379    220    117   68.5   43.7
 24     36.2   28.7   30.0   68.5   61.9    368    372    352    214    115   66.6   43.7
 25     36.2   28.7   30.0   65.7   61.9    329    498    346    211    111   65.7   55.5
 26     35.4   28.7   29.3   59.0   60.9    333    523    340    206    109   63.8   44.5
 27     35.4   28.0   29.3   57.2   62.8    485    515    333    207    105   60.9   43.7
 28     34.7   28.0   45.3   54.6   61.9    401    406    335    350    102   59.0   42.1
 29     34.7          49.4   53.7   61.9    390    396    329    256    101   57.2   40.6
 30     34.7          45.3   45.3   60.9    379    399    319    220   99.9   55.5   40.6
 31     34.0          39.1          60.9           448    299          98.7          39.1

Min     34.0   28.0   28.0   32.0   53.7   60.9    315    285    206   98.7   55.5   39.1   28.0
Mean    39.3   31.3   33.7   56.7   66.1    247    407    346    295    140   78.9   47.3    149
Max     43.7   34.7   49.4   82.1   89.7    485    555    490    410    206   98.7   56.4    555

