Station number: 445
Location:       Arughat                                                           Latitude: 28 02 37
River:          Burhi Gandaki                                                    Longitude: 84 48 59

Year:           1982

                                    Mean daily discharge in m3/s
                                    ============================

Day     Jan.   Feb.   Mar.   Apr.   May    Jun.   Jul.   Aug.   Sep.   Oct.   Nov.   Dec.   Year
 01     40.5   41.4   35.2   77.0   99.8    171    245    365    435    188   96.2   60.5
 02     40.5   42.3   36.0   79.4   96.2    171    261    349    379    188   93.8   60.5
 03     39.6   38.7   49.0   90.2    138    162    289    329    365    172   91.4   55.0
 04     39.6   36.0   42.3    114    124    204    453    323    357    175   92.6   57.2
 05     38.7   36.9   40.5    122    128    279    505    383    301    165   89.0   55.0
 06     37.8   36.0   39.6    105    125    285    407    355    309    153   89.0   53.0
 07     37.8   36.9   46.0   83.0    132    245    349    373    287    142   87.8   55.0
 08     37.8   37.8   46.0   78.2    141    267    345    389    269    134   86.6   55.0
 09     37.8   36.9   42.3   81.8    139    269    315    359    277    132   86.6   54.0
 10     36.9   36.0   40.5   92.6    138    275    335    355    263    128   86.6   52.0
 11     36.9   36.0   39.6    101    138    283    407    459    327    127   83.0   53.0
 12     36.0   36.0   37.8   86.6    131    281    341    345    407    118   84.2   53.0
 13     36.0   36.0   38.7   92.6    120    279    337    325    517    111   81.8   51.0
 14     36.0   36.9   37.8   80.6    125    277    351    309    385    108   79.4   49.0
 15     37.8   36.0   37.8   83.0    117    345    363    351    357    113   74.8   51.0
 16     36.9   36.9   86.6   99.8    106    363    435    335    385    124   72.6   48.0
 17     36.9   36.0   75.9    110    106    403    385    331    327    125   71.5   48.0
 18     36.0   36.0   60.5    106    104    335    357    345    335    125   72.6   48.0
 19     35.2   34.3   55.0   89.0   97.4    293    498    389    341    153   67.1   47.0
 20     35.2   35.2   48.0   79.4   99.8    265    395    389    313    153   67.1   47.0
 21     35.2   34.3   57.2   83.0   95.0    263    421    369    279    125   64.9   47.0
 22     35.2   33.5   58.3   86.6    101    252    427    385    261    125   69.3   46.0
 23     34.3   31.8   67.1    105   98.6    263    441    381    255    132   66.0   45.0
 24     36.0   31.0   57.2    109   96.2    295    437    397    252    124   64.9   45.0
 25     36.0   31.0   50.0    115   97.4    293    419    435    241    117   63.8   44.1
 26     45.0   30.1   48.0    109    134    252    381    379    238    109   62.7   43.2
 27     43.2   32.6   48.0    109    144    240    379    441    228    110   62.7   45.0
 28     44.1   31.8   48.0    121    135    233    453    547    221    108   61.6   44.1
 29     39.6          58.3    106    163    228    441    498    221    104   60.5   44.1
 30     37.8          59.4    106    156    228    385    337    199    101   60.5   44.1
 31     37.8          60.5           166           371    467          98.6          44.1

Min     34.3   30.1   35.2   77.0   95.0    162    245    309    199   98.6   60.5   43.2   30.1
Mean    37.9   35.5   49.9   96.7    122    267    385    380    311    132   76.4   49.8    162
Max     45.0   42.3   86.6    122    166    403    505    547    517    188   96.2   60.5    547

