Station number: 445
Location:       Arughat                                                           Latitude: 28 02 37
River:          Burhi Gandaki                                                    Longitude: 84 48 59

Year:           1966

                                    Mean daily discharge in m3/s
                                    ============================

Day     Jan.   Feb.   Mar.   Apr.   May    Jun.   Jul.   Aug.   Sep.   Oct.   Nov.   Dec.   Year
 01     42.0   34.2   35.0   35.0   91.4    140    354    660    434    167   85.0   51.0
 02     41.0   35.0   34.2   35.0   91.4    134    348    516    414    161   84.0   53.0
 03     42.0   34.2   34.2   39.0   98.6    157    396    530    380    157   82.0   51.0
 04     48.0   35.0   33.4   44.0   99.8    163    348    530    394    154   82.0   50.0
 05     46.0   35.0   32.6   46.0   96.2    115    342    540    406    149   81.0   49.0
 06     46.0   35.0   31.8   42.0    102    115    256    550    366    152   80.0   48.0
 07     44.0   35.0   31.8   63.0    109    114    242    554    388    151   78.0   46.0
 08     42.0   34.2   31.0   59.0   99.8    123    250    566    378    149   75.0   45.0
 09     41.0   33.4   31.0   58.0   96.2    136    296    528    380    148   72.0   45.0
 10     41.0   33.4   30.2   57.0   96.2    143    384    514    392    145   74.0   44.0
 11     40.0   32.6   32.6   50.0   95.0    154    466    530    380    142   71.0   43.0
 12     40.0   33.4   31.8   43.0   79.0    169    735    566    390    137   69.0   43.0
 13     40.0   48.0   31.0   44.0   71.0    218    366    578    334    136   68.0   42.0
 14     38.2   40.0   31.8   42.0   81.0    178    346    690    302    130   66.0   41.0
 15     39.0   37.4   32.6   45.0   97.4    169    384    534    289    128   66.0   40.0
 16     38.2   36.6   33.4   57.0    103    167    414    444    287    127   64.0   40.0
 17     38.2   35.0   32.6   59.0    101    173    436    458    277    125   63.0   39.0
 18     36.6   34.2   32.6   55.0   99.8    164    227    420    281    120   63.0   38.2
 19     37.4   35.0   33.4   54.0   99.8    149    380    396    274    119   62.0   38.2
 20     36.6   35.0   35.0   52.0    107    130    366    414    256    113   61.0   36.6
 21     36.6   34.2   35.8   50.0    113    181    420    410    247    109   61.0   37.4
 22     36.6   34.2   35.0   56.0    109    173    450    530    217    102   60.0   36.6
 23     36.6   33.4   35.0   60.0    119    206    470    494    211   98.6   59.0   36.6
 24     37.4   33.4   43.0   58.0    120    242    424    640    203   97.4   58.0   35.8
 25     35.8   34.2   50.0   60.0    123    424    434    484    190   95.0   57.0   35.8
 26     35.8   35.0   48.0   61.0    109    436    380    494    179   91.4   56.0   36.6
 27     36.6   43.0   45.0   65.0    130    478    424    456    179   90.2   55.0   35.0
 28     35.0   35.8   40.0   71.0    125    286    500    506    178   87.0   55.0   35.0
 29     34.2          37.4   86.0    118    304    440    494    176   89.0   54.0   34.2
 30     34.2          35.8    114    121    340    632    600    173   86.0   53.0   34.2
 31     34.2          34.2           146           540    490          87.0          33.4

Min     34.2   32.6   30.2   35.0   71.0    114    227    396    173   86.0   53.0   33.4   30.2
Mean    39.0   35.5   35.2   55.3    105    203    402    520    298    124   67.1   41.1    160
Max     48.0   48.0   50.0    114    146    478    735    690    434    167   85.0   53.0    735

