Station number: 445
Location:       Arughat                                                           Latitude: 28 02 37
River:          Burhi Gandaki                                                    Longitude: 84 48 59

Year:           1977

                                    Mean daily discharge in m3/s
                                    ============================

Day     Jan.   Feb.   Mar.   Apr.   May    Jun.   Jul.   Aug.   Sep.   Oct.   Nov.   Dec.   Year
 01     37.8   28.4   26.1   39.6   51.0    121    331    483    443    190    125   75.9
 02     36.9   28.4   25.4   57.2   53.0    121    411    487    409    185    127   75.9
 03     36.9   27.6   26.1   60.5   60.5    135    455    469    375    177    125   74.8
 04     36.0   28.4   26.1   49.0   54.0    110    463    480    345    171    132   73.7
 05     35.2   28.4   27.6   69.3   61.6    115    475    487    333    166    129   71.5
 06     34.3   26.9   26.9   46.0   61.6    124    445    419    383    159    124   70.4
 07     35.2   27.6   27.6   42.3   62.7    128    455    480    345    151    121   68.2
 08     34.3   27.6   29.3   43.2   69.3    134    453    480    355    147    120   64.9
 09     34.3   28.4   31.8   41.4   74.8    142    441    463    363    142    118   62.7
 10     33.5   28.4   31.0   41.4   78.2    139    449    409    379    139    115   61.6
 11     33.5   28.4   31.8   39.6   89.0    141    429    409    411    139    114   59.4
 12     32.6   29.3   33.5   44.1   96.2    142    429    405    381    144    111   58.3
 13     32.6   30.1   31.8   43.2   97.4    142    441    471    371    142    111   57.2
 14     32.6   31.8   31.0   44.1   95.0    142    431    563    359    139    109   56.1
 15     32.6   32.6   30.1   42.3    104    151    431    419    339    138    109   54.0
 16     31.8   32.6   29.3   38.7    101    141    441    421    313    139    106   52.0
 17     31.8   34.3   28.4   38.7   97.4    144    419    471    299    136    104   49.0
 18     31.0   33.5   27.6   36.0   95.0    171    415    415    293    136   99.8   48.0
 19     31.0   34.3   26.1   37.8   98.6    186    487    415    279    134   97.4   47.0
 20     31.0   32.6   26.1   36.0    102    213    492    439    265    135   95.0   46.0
 21     31.0   32.6   26.9   37.8   95.0    240    607    439    253    136   93.8   45.0
 22     30.1   29.3   28.4   34.3    104    295    492    435    245    134   92.6   44.1
 23     29.3   27.6   27.6   31.8   98.6    309    449    525    236    134   89.0   43.2
 24     30.1   27.6   30.1   39.6    109    299    471    500    231    132   87.8   42.3
 25     30.1   30.1   34.3   45.0    101    341    492    469    223    129   86.6   41.4
 26     29.3   27.6   34.3   41.4   98.6    281    480    475    213    128   85.4   42.3
 27     29.3   32.6   37.8   41.4   99.8    255    600    520    209    127   85.4   55.0
 28     28.4   26.9   34.3   46.0    113    261    512    555    202    127   84.2   48.0
 29     29.3          30.1   45.0    131    299    558    483    201    125   83.0   46.0
 30     28.4          41.4   49.0    134    327    545    455    196    125   79.4   45.0
 31     28.4          56.1           139           500    439           125          44.1

Min     28.4   26.9   25.4   31.8   51.0    110    331    405    196    125   79.4   41.4   25.4
Mean    32.2   29.8   30.8   43.4   91.1    192    468    464    308    143    105   55.6    164
Max     37.8   34.3   56.1   69.3    139    341    607    563    443    190    132   75.9    607

