Station number: 445
Location:       Arughat                                                           Latitude: 28 02 37
River:          Burhi Gandaki                                                    Longitude: 84 48 59

Year:           2003

                                    Mean daily discharge in m3/s
                                    ============================

Day     Jan.   Feb.   Mar.   Apr.   May    Jun.   Jul.   Aug.   Sep.   Oct.   Nov.   Dec.   Year
 01     47.8   42.5   37.2   52.8   66.6    165    449    587    491    234    104   55.5
 02     44.0   38.4   38.6   54.0   64.7    156    368    529    574    216   88.8   55.2
 03     43.7   37.9   36.9   57.5   70.6    158    525    483    499    200   88.1   54.4
 04     43.5   36.4   36.9   66.0   83.6    173    556    478    646    194   87.8   53.8
 05     42.6   34.5   34.0   63.8   75.8    164    382    420    549    187   87.1   53.5
 06     42.1   34.3   34.0   60.6   66.0    149    500    437    523    180   86.4   52.7
 07     41.4   34.7   33.6   56.7   61.2    132    391    398    565    176   85.0   52.7
 08     40.9   34.0   37.2   54.9   57.5    133    583    445    436    166   84.0   52.4
 09     40.6   32.9   37.9   54.6   58.8    148    735    379    458    165   82.6   50.8
 10     40.4   32.9   36.7   53.4   54.9    174    577    387    425    157   80.3   49.4
 11     39.4   32.7   33.8   61.5   54.0    245    484    392    394    152   78.2   48.4
 12     39.1   32.0   35.6   62.8   66.3    205    440    402    424    148   77.6   47.2
 13     38.4   31.6   32.7   64.7   73.3    194    514    497    399    144   76.9   47.4
 14     37.7   31.4   32.9   73.7   88.7    200    471    507    427    142   74.3   46.1
 15     36.9   31.6   39.4   69.6   84.2    169    524    527    463    144   72.4   45.6
 16     37.2   31.4   41.2   65.0   87.9    173    487    540    546    142   70.5   44.4
 17     36.9   31.1   38.4   78.1   92.0    184    588    481    418    136   69.5   42.6
 18     37.2   31.4   36.4   81.7   92.0    236    564    770    394    135   68.3   41.4
 19     37.2   38.6   35.0   85.3   93.1    256    578    504    335    134   67.6   41.2
 20     36.9   38.6   36.7   86.1   95.7    289    616    572    317    131   65.0   42.9
 21     36.4   37.9   36.5   88.2   91.6    316    556    471    313    128   63.2   43.1
 22     37.7   30.7   37.2   92.0    102    540    498    415    309    124   62.3   42.6
 23     37.7   30.7   41.9   93.5   99.7    321    585    455    358    121   62.0   43.1
 24     36.9   35.0   56.8   96.5    114    459    475    463    343    118   62.3   42.1
 25     36.9   33.6   49.0   97.6    114    323    391    453    354    117   61.4   41.7
 26     36.4   31.6   43.5   96.5    128    296    425    487    339    113   61.1   41.2
 27     36.7   34.3   44.3    112    128    414    445    479    300    111   60.6   41.0
 28     36.2   35.2   47.0    101    127    368    470    416    280    106   58.0   43.1
 29     36.4          51.1   82.8    128    425    585    440    255    104   56.8   41.7
 30     34.9          48.0   75.9    129    485    527    487    282    100   56.0   41.7
 31     34.9          54.6           142           772    500          97.0          41.2

Min     34.9   30.7   32.7   52.8   54.0    132    368    379    255   97.0   56.0   41.0   30.7
Mean    38.9   34.2   39.8   74.6   90.0    255    518    477    414    146   73.3   46.5    184
Max     47.8   42.5   56.8    112    142    540    772    770    646    234    104   55.5    772

