Station number: 445
Location:       Arughat                                                           Latitude: 28 02 37
River:          Burhi Gandaki                                                    Longitude: 84 48 59

Year:           1998

                                    Mean daily discharge in m3/s
                                    ============================

Day     Jan.   Feb.   Mar.   Apr.   May    Jun.   Jul.   Aug.   Sep.   Oct.   Nov.   Dec.   Year
 01     51.7   44.1   42.0   49.7    128    190    535    369    548    306   84.0   44.9
 02     51.5   43.8   43.2   58.0    141    198    551    369    551    261   82.3   44.1
 03     51.2   43.4   42.3   61.2    149    197    540    660    482    312   80.3   43.5
 04     51.0   43.2   44.0   62.2    162    204    565    463    440    222   77.9   42.5
 05     51.0   42.8   49.5   59.0    161    183    526    471    414    247   76.3   41.9
 06     51.2   42.8   50.7   62.5    152    164    604    526    471    178   73.5   41.5
 07     51.0   42.5   45.0   65.0    183    163    814    534    363    174   72.8   41.3
 08     51.0   42.3   45.5   70.5    150    178    573    574    326    168   70.3   41.1
 09     50.8   42.3   45.2   63.7    128    190    522    647    313    150   66.6   41.3
 10     50.5   42.2   45.7   61.5    111    201    363    556    302    157   63.8   40.7
 11     50.2   42.0   48.0   63.3   90.2    206    367    903    291    156   61.9   39.8
 12     49.8   42.9   46.2   66.7   85.7    183    354    719    271    157   59.6   39.6
 13     49.3   42.5   44.8   66.5   89.7    180    369    684    272    156   58.4   38.8
 14     49.2   43.4   42.9   67.8    106    180    444    685    259    150   58.0   39.0
 15     48.7   44.0   43.8   68.2    112    163    501    729    263    142   58.7   37.9
 16     48.2   44.3   45.7   67.7    125    168    409    649    242    137   57.5   36.9
 17     48.0   43.8   45.9   63.3    134    168    463    552    234    131   56.6   35.6
 18     47.8   42.9   44.1   68.2    151    196    629    630    272    127   56.6   35.1
 19     47.5   42.5   45.0   75.0    143    212    650    553    256    124   57.5   34.7
 20     47.0   41.9   45.5   85.0    151    252    624    557    269    122   55.7   34.5
 21     47.0   41.6   45.8   79.7    181    327    530    664    277    122   53.6   34.0
 22     46.5   41.3   52.7   77.2    190    365    468    601    269    117   51.7   33.5
 23     46.2   41.0   61.7   86.2    193    335    492    562    265    112   51.2   33.3
 24     46.0   42.5   53.3   89.0    202    320    391    603    258    110   50.3   33.0
 25     45.5   48.8   50.5   83.3    201    317    354    582    247    109   49.9   33.0
 26     45.3   43.5   48.3    102    202    387    339    522    252    105   48.2   32.6
 27     45.2   43.5   46.2    112    212    527    353    487    236    101   46.9   32.5
 28     44.7   42.5   47.7    128    212    543    324    445    295   95.9   46.1   32.1
 29     45.2          53.2    111    220    530    341    442    261   91.6   45.5   31.6
 30     44.9          64.2    107    193    480    413    453    258   88.1   45.5   31.4
 31     44.1          55.8           178           387    488          86.3          31.1

Min     44.1   41.0   42.0   49.7   85.7    163    324    369    234   86.3   45.5   31.1   31.1
Mean    48.3   43.0   47.9   76.0    156    264    477    570    315    152   60.6   37.2    187
Max     51.7   48.8   64.2    128    220    543    814    903    551    312   84.0   44.9    903

