Station number: 445
Location:       Arughat                                                           Latitude: 28 02 37
River:          Burhi Gandaki                                                    Longitude: 84 48 59

Year:           1974

                                    Mean daily discharge in m3/s
                                    ============================

Day     Jan.   Feb.   Mar.   Apr.   May    Jun.   Jul.   Aug.   Sep.   Oct.   Nov.   Dec.   Year
 01     44.0   34.2   31.8   44.0   59.0    145    194    560    366    215    125   67.0
 02     43.0   34.2   31.8   42.0   58.0    146    280    682    340    211    121   67.0
 03     43.0   34.2   31.0   44.0   56.0    148    304    494    318    205    120   65.0
 04     43.0   34.2   31.0   40.0   54.0    134    271    514    300    199    118   65.0
 05     42.0   33.4   31.0   39.0   75.0    124    253    805    284    196    117   64.0
 06     42.0   33.4   31.0   35.8   98.6    137    242    590    280    191    114   64.0
 07     41.0   33.4   31.8   34.2    106    154    239    580    281    188    112   62.0
 08     41.0   32.6   32.6   33.4   92.6    136    232    540    278    185    109   60.0
 09     41.0   32.6   34.2   33.4   93.8    111    256    500    278    185    108   58.0
 10     41.0   32.6   33.4   32.6   83.0   98.6    257    460    278    184    103   57.0
 11     41.0   31.8   33.4   32.6   79.0   95.0    316    420    330    179    101   56.0
 12     41.0   32.6   31.8   32.6   75.0    114    386    380    324    181   97.4   54.0
 13     41.0   34.2   30.2   34.2   70.0    123    374    340    284    179   93.8   53.0
 14     43.0   34.2   29.4   35.0   63.0    140    358    360    275    181   91.4   53.0
 15     44.0   32.6   29.4   43.0   70.0    157    370    354    278    181   88.0   53.0
 16     40.0   31.8   30.2   45.0   71.0    172    390    360    290    176   87.0   54.0
 17     40.0   31.8   30.2   56.0   70.0    199    346    352    358    175   86.0   53.0
 18     39.0   31.8   29.4   47.0   87.0    188    384    356    332    173   85.0   52.0
 19     38.2   31.8   28.6   95.0   78.0    212    404    350    304    169   82.0   51.0
 20     38.2   31.8   28.6    102   83.0    221    402    394    275    166   82.0   50.0
 21     37.4   31.8   29.4   99.8   75.0    235    390    432    269    161   80.0   49.0
 22     38.2   31.0   31.0    101   66.0    530    478    408    263    155   79.0   47.0
 23     37.4   31.8   32.6    103   65.0    221    440    386    257    151   79.0   47.0
 24     36.6   31.0   33.4   98.6   61.0    214    414    362    253    148   76.0   46.0
 25     36.6   31.0   32.6   84.0   61.0    172    412    354    245    142   75.0   45.0
 26     35.8   31.0   31.8   79.0   61.0    164    424    356    238    139   74.0   44.0
 27     35.8   31.0   32.6   77.0   64.0    167    430    358    233    136   73.0   44.0
 28     35.8   31.0   32.6   74.0   65.0    170    426    366    229    133   71.0   43.0
 29     35.0          35.0   75.0   85.0    199    418    494    226    130   70.0   43.0
 30     35.0          36.6   62.0   84.0    235    546    440    221    131   68.0   42.0
 31     35.0          38.2           134           550    604           128          43.0

Min     35.0   31.0   28.6   32.6   54.0   95.0    194    340    221    128   68.0   42.0   28.6
Mean    39.5   32.5   31.8   58.5   75.6    175    361    450    283    170   92.9   53.3    152
Max     44.0   34.2   38.2    103    134    530    550    805    366    215    125   67.0    805

